T-C010306B.h5	100.592496	-28.187501	110.982503	3.262500	118.766068	124.269997	2.340000	1.840000
T-C010306F.h5	-7.669211	-168.909214	111.870792	-143.469212	104.298424	356.568428	2.090000	1.970000
T-C010306G.h5	91.902189	-288.877817	58.392187	-141.827814	240.412504	112.747500	2.580000	2.090000
T-C010306H.h5	62.602423	-69.557573	56.262423	-118.457575	168.479087	113.360910	1.110000	2.460000
T-C010306I.h5	-6.312264	-121.342260	64.397737	-21.952265	108.796796	129.833209	1.350000	1.970000
T-C010306K.h5	17.595228	-139.714779	106.015224	-109.324772	99.223410	103.106592	2.340000	1.600000
T-C010306L.h5	27.323823	-144.526175	69.383821	-95.446173	175.690002	118.445879	1.840000	2.090000
T-C010306M.h5	126.350856	-576.339170	188.470858	-107.289144	209.489148	224.209150	1.600000	2.340000
T-C010398B-I4_cor_repaired.h5	525.905358	-830.194618	144.405388	-263.224617	736.133082	152.236929	2.670000	1.330000
T-C010398B-P2.h5	408.082653	-836.757343	453.172680	-85.207332	1041.394015	112.294001	2.000000	1.330000
T-C010398B-P3_repaired.h5	482.649438	-1171.260565	444.979455	-151.780554	1213.870551	165.960562	2.670000	1.330000
T-C010600A2_repaired.h5	63.119999	-616.289978	57.919998	-287.190002	512.693127	150.250000	4.160000	0.830000
T-C010600B1_repaired.h5	497.583875	-366.796099	251.543882	-406.646105	579.863319	223.136666	4.430000	1.110000
T-C010600B2_repaired.h5	641.444669	-540.285311	253.074674	-438.705325	521.089360	262.100006	4.160000	0.830000
T-C010600C1_repaired.h5	115.628459	-244.101545	277.968463	-291.561536	329.696166	184.360001	2.220000	0.550000
T-C020200-16_repaired.h5	209.418748	-466.981261	206.418748	-267.901244	283.226261	154.493755	2.220000	1.110000
T-C020600C1_repaired_zero-diameter-fix.h5	569.964759	-418.505273	212.514731	-401.995263	712.392646	425.447381	3.050000	1.380000
T-C030397A-P1_repaired_zero-diameter-fix.h5	342.298559	-683.691431	903.818579	-43.191427	1701.619995	372.230725	4.820000	1.800000
T-C030397A-P2_repaired.h5	173.882148	-575.477838	871.982123	-165.797860	1555.745714	261.685717	5.420000	2.400000
T-C030397A-P3_repaired_rot.h5	743.269353	-1318.250667	895.319341	-38.480666	813.902691	240.149327	4.220000	4.820000
T-C030796A-P3_repaired.h5	1086.801649	-622.028429	1133.541639	-300.128405	472.811598	300.581587	9.880000	4.900000
T-C031097B-I4_repaired_zero-diameter-fix.h5	542.966125	-403.023835	245.666152	-16.373847	420.889245	238.639230	4.430000	0.830000
T-C031097B-P3_repaired_rot.h5	170.848131	-499.711866	320.938127	-43.991877	994.675618	158.725621	2.770000	1.110000
T-C040600A2_repaired_zero-diameter-fix.h5	186.421175	-439.478834	341.471178	-300.368819	434.131770	294.488226	3.050000	1.380000
T-C040600B1_repaired_zero-diameter-fix.h5	278.027332	-319.002667	173.547336	-236.452664	524.560664	128.969335	3.050000	1.110000
T-C040600B3_repaired_zero-diameter-fix.h5	258.335996	-490.604006	122.085996	-190.604006	298.104006	175.525999	2.490000	0.830000
T-C040896A-P2_repaired_zero-diameter-fix.h5	226.912670	-614.587360	1026.022686	-185.737339	536.501333	184.431326	5.400000	1.800000
T-C040896A-P3_repaired.h5	626.969971	-720.960022	740.049988	-189.360001	1214.495625	337.025624	8.400000	2.400000
T-C050398B-I3_repaired.h5	331.663504	-178.256494	248.953497	-546.886515	1023.581517	236.665998	3.060000	1.110000
T-C050398B-I4_repaired.h5	194.126321	-696.483665	160.516320	-376.403678	300.574744	172.694739	3.610000	1.110000
T-C050398B-P1_repaired.h5	242.546003	-1272.483980	380.775999	-145.983996	683.379338	217.249333	3.890000	1.390000
T-C050600B1_repaired.h5	260.207849	-583.382148	261.827844	-173.552146	551.240705	221.010709	3.050000	0.550000
T-C050600B2_repaired.h5	328.544384	-1103.995625	241.434368	-481.725636	447.790009	195.139999	2.770000	0.550000
T-C050800E2_cor_repaired.h5	396.512676	-384.487324	193.002667	-190.207340	441.084653	222.981996	3.320000	2.490000
T-C060106B_zero-diameter-fix.h5	80.334288	-254.005709	76.234289	-106.675715	320.639300	84.850713	0.980000	1.720000
T-C060106F.h5	43.986002	-346.764010	34.115999	-104.734003	935.446012	112.864001	3.690000	4.300000
T-C060106G.h5	40.389473	-314.110512	41.929474	-68.540527	520.742622	88.517365	3.810000	4.670000
T-C060109A1.h5	1124.907534	-521.502500	1145.987490	-228.232496	1597.139598	310.670430	9.400000	2.750000
T-C060109A2.h5	384.202869	-668.957165	1099.492847	-207.297146	581.651453	252.421427	8.940000	2.520000
T-C060109A3_rot_zero-diameter-fix.h5	719.004783	-900.525247	1023.704795	-223.815225	511.066529	214.266526	8.030000	2.750000
T-C060110A2_rot.h5	756.624206	-694.345765	1029.174254	-248.275788	736.154235	273.835786	7.110000	2.520000
T-C060110A3_rot.h5	402.575701	-583.944288	1074.345690	-277.854292	795.638110	217.618090	5.050000	2.750000
T-C060110A5_rot.h5	962.216522	-572.433441	1048.526581	-259.703460	852.014493	297.385532	8.260000	1.830000
T-C060112A7.h5	965.682720	-688.787251	984.162700	-257.127278	901.609076	466.180902	5.500000	2.290000
T-C060114A2.h5	453.022582	-909.387422	1007.722563	-231.957414	755.348124	343.638163	5.050000	1.830000
T-C060114A4_rot.h5	781.768225	-861.601770	1122.748205	-228.611795	538.698217	250.358206	6.420000	2.520000
T-C060114A5_rot.h5	857.520820	-901.709222	1106.640815	-254.829202	636.509210	236.140799	5.960000	2.290000
T-C060114A6_rot_zero-diameter-fix.h5	996.631823	-778.688184	1085.281848	-205.228178	525.259101	228.029999	5.960000	1.380000
T-C060114A7_rot.h5	490.156670	-706.033363	1153.096642	-194.793327	719.117614	188.522385	6.880000	1.830000
T-C060116A1.h5	318.620995	-674.868995	1012.711022	-256.518989	1011.831017	293.319007	6.420000	2.750000
T-C060116A3.h5	613.273201	-940.396843	1166.653206	-274.286827	1067.839966	219.587724	5.500000	2.290000
T-C060116A4.h5	620.411791	-628.918165	1100.811877	-220.608183	779.897752	298.942275	7.800000	3.210000
T-C060116A5.h5	492.152347	-766.407620	1155.812412	-202.267651	1165.946422	230.106471	6.420000	1.830000
T-C060202A4_rot.h5	291.331320	-339.438669	1230.151358	-176.158670	154.979996	257.243990	6.420000	1.830000
T-C060202A5.h5	45.675883	-386.304105	997.695895	-244.704115	220.965295	281.444708	5.960000	3.210000
T-C060202A6.h5	122.087139	-581.642872	1074.527172	-236.672855	376.459277	203.629291	6.880000	1.830000
T-C060400C1_repaired.h5	407.310586	-1147.539451	207.860589	-300.049400	892.647083	157.178228	3.880000	1.380000
T-C060600A2_repaired.h5	341.053517	-629.756480	163.953526	-354.746471	418.688826	193.891176	3.880000	0.550000
T-C060600A3_repaired.h5	335.967858	-469.892158	270.507867	-230.772147	623.452155	194.975710	2.490000	0.830000
T-C060998B-I1_repaired.h5	368.450921	-238.559089	82.140908	-38.469092	289.721365	84.571363	1.660000	1.660000
T-C060998B-P4_repaired.h5	277.260010	-174.149994	457.839996	-95.860001	306.681045	231.681572	2.490000	0.830000
T-C061000A3_repaired.h5	522.137073	-326.032940	95.307056	-284.202953	368.230011	147.210007	2.220000	0.560000
T-C070109A4.h5	495.353339	-959.776696	915.283363	-217.106667	895.777908	158.817886	10.060000	4.040000
T-C070301B2_repaired.h5	975.270686	-512.179326	145.820674	-311.559331	971.226647	253.543327	2.800000	2.950000
T-C070600A2_repaired.h5	528.268353	-362.321674	358.578320	-211.241672	367.600006	286.070841	3.600000	0.830000
T-C070600A4_repaired.h5	148.614001	-169.525999	205.574007	-252.826002	228.112001	174.768004	1.660000	0.550000
T-C070600B2_repaired.h5	536.903554	-931.176463	144.313527	-275.146464	526.502941	185.062939	2.490000	0.830000
T-C080300B2_repaired.h5	254.767899	-568.552093	220.257889	-184.202102	424.480537	249.384215	3.320000	0.550000
T-C080400A3_repaired.h5	76.722001	-435.388015	184.401994	-223.837996	299.688669	159.391333	2.490000	0.830000
T-C080400C2_repaired_1.25x.h5	150.597863	-846.332160	238.767861	-242.962150	327.651422	244.268576	2.490000	0.550000
T-C080501A5_rot.h5	459.873328	-421.746667	937.473304	-173.426659	644.310831	215.749167	8.410000	2.950000
T-C080501B2_rot.h5	645.934475	-378.245517	930.394497	-219.185520	491.429303	261.680682	7.730000	3.180000
T-C090997A-I2_repaired.h5	602.731157	-375.408827	147.561174	-143.598830	651.521784	155.768240	3.600000	0.830000
T-C100501A3_repaired.h5	591.869995	-4.850000	262.190002	-367.970001	647.939377	342.249375	5.260000	0.830000
T-C110300A1_repaired.h5	111.204612	-406.695397	256.414619	-287.175377	336.159234	236.356924	2.490000	0.550000
T-C120398A-I4_repaired.h5	265.391191	-765.998823	215.951173	-266.778822	510.066478	297.428228	5.990000	1.340000
T-C120398A-P1_repaired.h5	154.801432	-606.098547	196.851435	-203.268576	388.690717	204.179278	3.990000	1.330000
T-C120398A-P2_repaired.h5	458.024275	-617.195726	161.034285	-87.975718	408.127148	204.202854	2.660000	1.330000
T-C120398A-P3_repaird.h5	469.970001	-959.719971	230.210007	-165.880005	805.051863	185.901869	3.330000	1.330000
T-C121097A-I1_repaired.h5	418.499286	-1046.290753	213.459292	-424.920728	907.387872	224.528570	3.600000	1.110000
T-C130897B-I1_repaired.h5	470.184159	-234.565841	263.544175	-174.065841	296.373328	184.226662	2.660000	1.990000
T-C130897B-I4_repaired.h5	104.666152	-397.603852	74.666152	-206.633851	267.277691	227.737698	3.320000	2.660000
T-C140300B-I2_repaired_zero-diameter-fix.h5	263.297635	-833.092380	156.297650	-328.652347	246.862942	94.147060	2.770000	0.830000
T-C140300B-I3_repaired.h5	170.232627	-488.927361	154.002632	-132.027367	244.348953	122.278946	3.320000	0.830000
T-C140600C-I1_repaired_1.25x.h5	114.784374	-914.755635	593.224346	-368.875630	211.343746	558.869995	3.600000	0.550000
T-C140600C-P3_repaired.h5	462.876005	-1012.004000	552.136015	-189.013995	615.365995	190.539327	2.490000	1.110000
T-C140898A-I1_repaired_0.8x_0.8x.h5	255.187860	-322.622138	111.657861	-292.262153	403.496429	165.687860	2.770000	0.830000
T-C140898A-I3_repaired_0.8x_0.8x_zero-diameter-fix.h5	356.734129	-531.055880	200.824125	-186.745882	388.975305	181.275293	4.160000	0.830000
T-C150106D.h5	117.865885	-268.074125	100.665881	-51.124117	462.115878	183.554121	2.090000	2.460000
T-C150106E.h5	178.944002	-233.415998	121.434000	-41.156000	275.490657	196.260661	0.490000	1.350000
T-C150501A-I3_repaired.h5	836.249412	-50.730588	90.289413	-312.740578	444.405886	192.374113	2.770000	0.830000
T-C150600B-I1_repaired.h5	647.711560	-262.508471	245.321546	-191.918460	813.573084	125.436926	2.220000	0.830000
T-C150897B-I1_repaired_zero-diameter-fix.h5	478.272132	-312.657861	116.302146	-152.207864	799.020020	190.899994	2.670000	2.000000
T-C150897B-P2_repaired.h5	338.342219	-438.447790	396.432215	-137.457784	632.902247	140.932215	2.000000	2.000000
T-C160998B-I_repaired.h5	367.056248	-227.153744	159.776249	-192.633755	632.493115	211.906254	2.770000	1.110000
T-C170106D.h5	47.898335	-123.281665	80.058331	-78.681667	209.608334	74.091663	1.600000	1.590000
T-C170106G_fix.h5	45.000588	-147.189414	34.050587	-36.399413	594.340615	95.289413	1.720000	1.480000
T-C170106H.h5	62.277142	-96.922855	113.427143	-85.062855	106.178572	93.449997	0.860000	1.840000
T-C170500A-I4_cor_repaired.h5	94.938336	-211.931659	57.418332	-110.581668	288.157226	89.045559	1.110000	1.380000
T-C170797A-I4_repaired.h5	327.474668	-337.965335	393.314664	-362.215335	523.988657	334.468001	4.200000	1.200000
T-C170797A-P1_rot.h5	-6.443125	-215.773129	212.076877	-96.863126	163.838121	81.398127	2.400000	1.200000
T-C170797A-P2_repaired_rot.h5	92.609167	-336.540842	347.519156	-107.890833	193.375838	119.924165	3.000000	1.800000
T-C170897A-I1_repaired.h5	234.303849	-204.466155	216.613847	-235.916152	336.653071	263.683070	4.000000	1.330000
T-C170897A-P2.h5	-9.234666	-1046.034696	358.195346	-96.994665	290.513343	142.906670	2.670000	0.670000
T-C170897A-P3-repaired.h5	364.819238	-1366.680823	375.289239	-184.410773	853.049219	176.320777	2.000000	2.770000
T-C170998D-I3_repaired.h5	115.996667	-324.383338	106.226670	-118.803336	246.201108	145.971112	3.600000	1.390000
T-C170998D-I4_repaired.h5	279.205325	-137.264661	142.605334	-89.214666	182.616662	143.398661	4.160000	1.390000
T-C180298A-I4.h5	263.014625	-459.435387	281.874610	-413.915398	498.186156	233.146148	2.670000	1.330000
T-C180298A-P2_repaired.h5	381.241240	-443.078737	370.111235	-221.948747	624.403774	222.942502	2.670000	1.330000
T-C180298B-I3_repaired.h5	775.593777	-475.116245	159.763744	-271.286259	564.739365	174.260620	3.600000	0.830000
T-C180997A-P3_repaired.h5	270.238657	-652.561331	239.738672	-130.611334	565.585360	210.905337	4.670000	2.000000
T-C181000A-I3_repaired.h5	529.894089	-392.525925	283.204086	-164.305923	394.225937	216.565933	2.220000	0.550000
T-C181200A2_repaired.h5	87.784165	-1281.785872	227.234162	-167.105834	209.199997	130.515838	3.050000	0.550000
T-C190898A-I1_repaired_zero-diameter-fix.h5	259.470626	-304.479386	139.760620	-131.709382	466.736240	153.374370	2.770000	0.830000
T-C190898A-P2_repaired.h5	276.517681	-626.342335	351.117687	-80.182308	521.195397	155.306151	1.940000	1.110000
T-C190898A-P3_repaired.h5	72.040001	-793.760010	336.320007	-135.070007	468.510724	131.820722	3.050000	1.110000
T-C190997A-I1_repaired_zero-diameter-fix.h5	604.305998	-109.574000	203.846006	-99.074000	1725.535372	196.235339	5.330000	1.340000
T-C200199B-I3_repaired.h5	233.706882	-1260.083081	122.026874	-216.613126	403.091871	134.438127	3.330000	1.110000
T-C200199B-I4_repaired.h5	220.103339	-1064.656701	256.723335	-290.936669	586.479314	316.530665	3.050000	1.110000
T-C200897C-I1_repaired.h5	343.324382	-457.985615	169.544368	-161.095631	333.746875	207.116870	2.000000	1.340000
T-C200897C-P2_repaired.h5	204.399280	-1232.860700	451.909289	-154.070722	1636.722114	240.837853	3.980000	2.000000
T-C200897C-P4_repaired.h5	449.856860	-1931.023145	455.966876	-154.423123	730.488740	206.308748	2.000000	2.000000
T-C210301C1_cor_repaired_1.25x_rot.h5	1028.514555	-386.185457	310.134550	-464.995455	493.918195	381.464537	3.110000	0.930000
T-C210797A-I_cor_repaired.h5	271.670013	-817.590027	342.440003	-548.900024	603.719256	316.637157	2.660000	1.330000
T-C220197A-P2_repaired_zero-diameter-fix.h5	815.904191	-816.555831	780.384171	-148.555831	1022.009176	167.219168	7.810000	3.000000
T-C220197A-P3_repaired.h5	641.666412	-307.723573	734.296416	-203.093568	730.030029	231.850006	7.810000	3.600000
T-C220498B-I4_cor_repaired.h5	520.955647	-392.164379	168.805623	-563.714397	415.733136	203.846881	3.600000	0.830000
T-C220498B-P3_cor_repaired.h5	393.753125	-676.686877	523.773145	-210.686877	625.182493	315.107485	2.220000	1.390000
T-C220797A-I2_repaired.h5	348.123072	-561.996923	231.613078	-423.506933	426.391553	227.821546	4.200000	1.800000
T-C220797A-P1_repaired_zero-diameter-fix.h5	61.626924	-1381.943018	362.736913	-96.813075	748.631543	153.478457	3.000000	1.200000
T-C220797A-P3_repaired.h5	292.272297	-1465.257702	326.752308	-134.187695	424.255394	147.424614	2.400000	1.200000
T-C220798A-I_repaired.h5	297.157504	-454.722501	28.827500	-82.322500	299.561248	25.868751	1.390000	1.390000
T-C230300D1_repaired.h5	310.559998	-512.710022	314.940002	-192.839996	680.595601	310.315632	2.490000	1.110000
T-C230797B-P1_repaired.h5	65.522997	-378.146994	238.053003	-66.157004	169.706007	163.854006	4.200000	1.200000
T-C230797B-P4_repaired.h5	243.880005	-334.309997	233.330002	-122.760002	311.668680	189.770004	3.000000	1.200000
T-C230998A-I3_repaired.h5	-35.599165	-823.199179	142.070841	-134.299170	59.220001	64.889999	1.660000	0.550000
T-C230998C-I2_cor_repaired.h5	376.101256	-909.678743	172.331252	-370.748750	689.707522	200.717501	3.890000	1.670000
T-C230998C-I4_repaired.h5	524.921159	-477.788832	160.611177	-166.888823	456.004706	299.084692	3.050000	1.110000
T-C231001B3_repaired.h5	155.531537	-1229.158496	180.541532	-176.388461	301.588458	172.298465	2.770000	0.550000
T-C231296A-P4A2_repaired.h5	218.025832	-834.014176	564.595809	-149.254167	550.870828	179.529165	4.200000	1.800000
T-C231296A-P4B2_repaired.h5	382.062140	-722.807855	580.252143	-90.487855	642.119281	146.399280	3.600000	1.200000
T-C240199B-P1_repaired.h5	219.696247	-552.093777	371.346256	-146.413754	333.886265	277.733761	2.220000	1.110000
T-C240199B-P2_repaired.h5	57.935713	-507.204298	372.465716	-180.064283	263.138586	171.801432	2.780000	1.110000
T-C240298B-I2_repaired.h5	80.901430	-511.878576	83.541429	-175.748571	220.728567	195.381433	2.670000	2.000000
T-C240298B-I4_repaired_1.25x.h5	399.505394	-383.974617	229.745385	-269.174629	480.300757	226.569238	3.330000	1.340000
T-C240300C1.h5	756.183839	-420.036162	112.773843	-278.166167	121.983850	195.883851	1.660000	0.550000
T-C240797B-I2_repaired.h5	262.466668	-90.973335	91.486664	-320.503333	346.333320	163.593330	1.990000	0.660000
T-C240797B-P1_repaired.h5	353.088330	-485.701679	366.628338	-131.571674	1439.930054	154.679993	3.990000	1.990000
T-C240797B-P3_repaired.h5	-8.391539	-576.131543	346.008471	-136.801541	470.526922	171.926916	3.320000	1.990000
T-C240998A-I3_repaired.h5	282.645783	-381.394225	109.825791	-98.664214	315.261589	145.615258	1.940000	1.110000
T-C240998A-I_repaired.h5	866.328588	-81.531427	385.258581	-309.091425	378.357842	321.182136	2.490000	1.110000
T-C250298A-I4_repaired.h5	406.600006	-545.809998	153.960007	-195.500000	873.174269	228.984281	4.000000	0.670000
T-C250500A-I4_repaired_1.25x.h5	179.610626	-781.649399	183.640624	-191.699372	246.790618	200.180618	2.770000	1.110000
T-C250500A-P2.h5	72.534285	-678.865709	197.754286	-123.215715	263.600006	261.195726	3.050000	2.770000
T-C251197A-I1_repaired.h5	423.868662	-384.141348	163.418665	-273.051321	435.994657	150.708007	4.000000	2.000000
T-C251197A-I3_repaired.h5	466.447705	-177.362308	347.567700	-325.092304	940.760010	251.598468	3.340000	1.340000
T-C251197A-P4_repaired.h5	325.184608	-374.045372	428.734626	-142.465386	553.756933	163.806921	2.000000	2.770000
T-C260199A-I3_repaired.h5	544.693532	-85.086467	230.713536	-125.306468	270.662357	142.352359	2.220000	1.110000
T-C260199A-P2_repaired.h5	-7.703077	-695.223048	612.536901	-73.863077	100.413850	151.123841	3.610000	1.110000
T-C260897C-I1_repaired.h5	310.029332	-604.110652	170.479329	-157.960673	661.936002	209.612001	3.320000	0.660000
T-C260897C-P2_repaire.h5	252.418460	-1014.031568	381.238452	-185.731534	763.704628	194.895378	2.660000	1.330000
T-C260897C-P3_repaired_rot.h5	375.662861	-1162.987133	380.192860	-157.377148	1298.059344	190.630719	2.660000	1.330000
T-C260897C-P4_repaired.h5	274.472858	-1101.627148	400.782856	-118.147144	1383.866424	165.053574	3.320000	0.660000
T-C261296A-P1_repaired_1.25x.h5	404.021042	-258.808945	1038.221023	-176.638947	511.775788	317.913162	8.430000	4.820000
T-C261296A-P2_repaired_1.25x.h5	724.816007	-757.873995	1029.026029	-181.233996	826.652024	258.094663	9.640000	7.230000
T-C261296A-P3_repaired_1.25x.h5	846.762787	-531.327239	1003.732758	-569.677215	571.782251	761.008343	8.430000	7.230000
T-C270106C.h5	87.984646	-691.375362	113.514645	-310.295345	633.479980	152.320007	2.200000	2.320000
T-C270106E.h5	132.513883	-219.356112	156.353895	-134.256106	310.885570	135.545559	1.100000	2.690000
T-C270106G.h5	110.782173	-252.527825	118.662178	-149.057824	413.085649	270.215653	2.950000	3.810000
T-C270999B-P2_repaired_fix.h5	352.333623	-1261.456325	595.303624	-255.836360	314.225466	499.855440	4.160000	1.200000
T-C270999B-P3_repaired.h5	295.614468	-1241.175571	665.474453	-262.055515	561.236197	234.433786	2.770000	2.220000
T-C271097A-I4_repaired.h5	404.870662	-907.759343	160.330669	-424.219334	493.363319	163.506661	4.000000	1.330000
T-C271097A-P1_repaired.h5	229.507852	-937.342170	289.607843	-112.482146	1039.010010	171.330002	3.330000	2.000000
T-C271097A-P2_repaired.h5	208.137499	-561.302488	248.997500	-193.642499	498.920013	200.940002	2.670000	1.330000
T-C271097A-P3_repaired.h5	336.010010	-980.890015	242.339996	-153.539993	418.981440	166.541422	2.670000	2.000000
T-C280199C-I4_repaired.h5	339.197234	-993.122773	116.927222	-521.852753	744.710022	179.158337	3.050000	1.390000
T-C280199C-P1_repaired_0.8x.h5	204.813123	-839.966846	352.293134	-111.986873	373.777499	171.442502	2.780000	1.110000
T-C280199C-P2_repaired_0.8x.h5	26.949376	-1241.170669	284.439377	-128.280624	529.200637	174.049378	2.220000	1.390000
T-C280199C-P3_repaired.h5	17.076428	-567.833589	243.196425	-140.403565	333.156432	139.026427	1.940000	0.830000
T-C280206K_1.25x.h5	135.564664	-64.425334	75.224668	-191.015338	237.369328	95.930667	1.350000	0.860000
T-C280998A-I2_repaired.h5	113.758950	-439.391067	61.108948	-172.571060	591.234717	168.205270	5.560000	1.110000
T-C280998A-P3_repaired_rot.h5	3.528235	-317.361750	302.178228	-140.621760	755.766490	139.694708	4.440000	1.670000
T-C281197A-I2_repaired.h5	294.970001	-717.239990	228.759995	-195.139999	751.267712	182.617687	2.000000	1.330000
T-C281197A-I4_1.25x.h5	378.688826	-433.411180	220.858824	-224.401170	755.769431	234.269416	2.670000	1.330000
T-C281199A-IN_repaired_zero-diameter-fix.h5	115.244284	-755.485704	149.374281	-176.425707	400.967144	151.022861	3.050000	1.110000
T-C290500B-I2_repaired.h5	244.114211	-387.635804	238.504210	-147.845796	347.397889	257.507905	3.600000	0.830000
T-C290500B-I3_repaired.h5	484.536259	-303.393765	374.056248	-362.653744	1067.942441	353.552488	4.710000	0.550000
T-C290500C-I4.h5	799.345765	-620.114196	338.575776	-356.894225	745.554725	339.614722	2.770000	0.550000
T-C290999C-I4_repaired.h5	342.409004	-309.300988	277.699012	-194.521004	421.818507	211.688502	2.490000	1.940000
T-C300797C-I1_repaired_1.25x_rot.h5	722.826684	-531.753333	883.096642	6.656666	272.583320	652.570007	1.330000	0.660000
T-C300797C-P2_1.25x.h5	151.255994	-1244.774020	340.275999	-79.944003	509.461325	102.491331	3.320000	1.330000
T-C300797C-P4_1.25x.h5	-9.822000	-1165.002000	530.907973	-231.291993	238.252667	233.414004	3.990000	1.990000
T-C300898C-I3_repaired_0.8x.h5	187.977055	-230.452938	149.177052	-219.182934	298.618230	176.078237	1.940000	0.830000
T-C300898C-P2_repaired.h5	115.179286	-640.180707	302.479297	-186.710721	363.380005	206.309998	3.600000	1.110000
T-C300997A-I1_repaired_1.25x.h5	509.807331	-853.752667	158.617329	-356.902660	495.470001	353.640015	3.330000	1.380000
T-C300997A-P3_repaired.h5	190.367054	-608.322949	412.487049	-139.322949	354.234129	142.194120	2.670000	1.330000
T-C300997B-I4_repaired.h5	316.217144	-410.882862	241.747143	-90.862858	455.063569	261.986419	3.050000	1.110000
T-C310897A-I1_repaired.h5	447.823084	-124.546926	267.823084	-235.206930	523.713868	260.373841	3.330000	1.330000
T-C310897A-I2_repaired.h5	298.327129	-740.142872	185.217144	-227.902851	288.538580	248.339996	3.330000	2.000000
T-C310897A-P4_repaired.h5	408.756933	-439.153071	440.756933	-130.733073	1310.786962	269.318469	2.670000	1.330000
T-C310897B-P3.h5	216.855334	-1220.524686	412.775332	-189.284665	1032.201951	208.462007	3.330000	1.330000
T-C310897B-P4_repaired.h5	-6.978462	-1217.298510	435.391553	-191.678454	358.270758	187.279230	4.670000	1.330000
T-CA100123-P0_repaired_1.25x.h5	12.260179	-441.699834	879.770198	-161.879826	511.630005	282.619995	6.380000	2.270000
T-CC100123-P1_repaired_1.25x_rot.h5	344.499762	-1161.800287	1019.599737	-266.140253	755.496429	255.653565	7.140000	4.110000
T-sm080529a1_5_triplet_1_1.25x.h5	55.379601	-716.400424	134.889599	-105.760402	522.041178	633.871195	2.140000	0.810000
T-sm080609a1_8_2_1.25x_rot.h5	79.076820	-57.203183	123.136818	-29.613182	109.099089	101.640909	0.880000	0.860000
T-sm080617a1_4_2_1.25x_rot.h5	53.984210	-89.055787	56.254210	-86.155793	176.617364	195.947365	1.470000	0.860000
T-sm080625a1_6_1.25x.h5	82.412417	-23.857587	85.742412	-144.987592	616.223419	139.926544	1.690000	0.740000
T-sm080902a1_rot.h5	51.395502	-172.304503	106.065500	-130.634505	194.936002	93.414004	1.470000	3.980000
T-sm081001a7_1.25x.h5	79.984003	-168.555998	82.264002	-98.015997	617.075217	132.745200	3.610000	1.400000
T-sm081017b1-6_1_.h5	10.024286	-142.735720	63.944284	-43.145716	654.638110	195.081907	1.550000	1.400000
T-sm081201a1_single_rot.h5	48.224001	-525.965971	32.954001	-129.165998	402.052388	126.697597	0.740000	1.550000
T-tkb050507a1_ch1_bc_b_yw_60x_1_1.25x.h5	480.682136	-193.507852	545.072150	-236.147851	374.664289	282.984297	4.220000	1.450000
T-tkb050507a1_ch5_bc_b_yw_60x_1_1.25x.h5	391.227154	-207.532856	265.277142	-317.932850	767.087884	239.027856	3.010000	1.690000
T-tkb051205a4_ch3_cl_b_yw_60x_1_1.25x_rot_fix.h5	674.240324	-768.849642	854.250333	-377.679659	1857.709628	255.880338	5.040000	5.080000
T-tkb051205a4_ch7_bc_b_yw_60x_1_1.25x_rot.h5	403.508192	-421.921832	-2.061818	-82.871821	609.366359	119.863637	2.950000	3.000000
T-tkb060112a1_ch2_ct_o_db_60x_2_rot.h5	958.019707	-251.390312	933.489678	-79.690315	787.396274	256.546238	1.960000	1.720000
T-tkb060118b1_ch1_cc1_b_yw_60x_1_1.25x_rot_fix.h5	176.507495	-589.162473	185.417498	-710.772520	256.584362	464.044384	4.080000	3.480000
T-tkb060118b1_ch4_cc2_b_yw_60x_1_1.25x_rot.h5	159.476996	-505.342996	886.926993	-281.802988	768.833017	369.796988	2.760000	3.600000
T-tkb060118b1_ch6_bc_b_yw_60x_1_1.25x.h5	496.654681	-412.625317	153.264682	-252.355313	375.162504	199.682493	2.760000	2.680000
T-tkb060119b1_ch0_cc1_n_db_60x_2_rot.h5	-18.726666	-458.016656	91.913337	-637.476647	1810.319470	337.455706	3.690000	2.500000
T-tkb060123a1_ch1_ct_b_hw_60x_1.h5	1147.671220	-179.788817	1085.951128	-118.888823	644.975863	223.705889	3.780000	1.460000
T-tkb060123a1_ch4_cc1_b_hw_60x_1_fix.h5	-19.190001	-202.600006	76.480003	-272.839996	138.798950	147.578949	2.920000	2.500000
T-tkb060123a2_ch2_ct_x_db_60x_2_1.25x_fix_zero-diameter-fix.h5	153.499545	-288.690457	979.279575	-103.180455	491.362485	232.637499	1.720000	1.110000
T-tkb060126a2_ch3_bc_n_jh_100x_1_rot.h5	145.149994	-289.880005	141.830002	-128.910004	611.475656	337.284323	2.340000	4.130000
T-tkb060127a1_ch1_bc_n_mp_100x_1_1.25x_rot.h5	1409.354591	-543.715355	588.804603	-600.865380	738.390015	457.570007	2.580000	3.320000
T-tkb060223a1_ch1_bc_b_yw_60x_1_rot.h5	496.519080	-362.270898	164.199088	-257.030908	731.780332	202.423331	3.050000	2.680000
T-tkb060223a1_ch5_bc_b_yw_60x_1_rot.h5	461.209192	-341.460791	442.279199	-216.890799	692.508810	305.940002	4.510000	3.660000
T-tkb060223b3_ch1_cc2_o_ps_60x_1_rot.h5	650.369281	-367.240705	854.029315	-97.650716	507.078558	189.721430	2.570000	3.480000
T-tkb060224a3_ch1_cc2_o_db_60x_2_1.25x_rot.h5	403.299571	-331.840413	779.279613	-191.770421	564.077100	228.142916	2.080000	1.200000
T-tkb060329a1_ch2_cl_n_jh_100x_1_1.25x.h5	1175.577156	-534.442802	1020.317207	-360.612785	617.469171	260.399194	3.360000	4.560000
T-tkb060329a1_ch4_cl_o_db_60x_1_1.25x_rot_fix.h5	332.314640	-435.095363	972.104618	-573.285335	844.634291	291.565722	2.080000	5.080000
T-tkb060329a2_ch1_cc1_o_db_60x_2_1.25x.h5	1308.018481	-216.171537	130.798465	-412.271527	987.006676	267.653327	1.590000	1.220000
T-tkb060508a1_ch3_cc1_h_zk_60x_1_1.25x_rot.h5	458.939262	-752.970711	233.179252	-680.000741	274.034443	269.655559	2.750000	1.380000
T-tkb060508a1_ch5_cc1_h_zk_60x_1_1.25x_rot.h5	245.142666	-884.317341	135.072674	-856.097309	1557.315280	388.085330	4.580000	1.380000
T-tkb060508a2_ch5_bc_h_zk_60x_1_1.25x_rot.h5	246.336360	-488.323644	201.246364	-439.273625	456.260010	218.080002	2.290000	3.930000
T-tkb060508b2_ch5_cc1_h_zk_60x_1_1.25x_rot.h5	-7.099333	-377.619328	100.200664	-695.469304	227.050003	436.910004	3.660000	1.380000
T-tkb060508c1_ch3_mc_n_tb_100x_2_1.25x_rot.h5	757.696786	-316.453238	260.476785	-291.093222	430.492893	222.117092	2.140000	2.950000
T-tkb060509a2_ch3_mc_n_el_100x_1_1.25x_rot_zero-diameter-fix.h5	1471.223489	-453.246481	478.503519	-478.586478	1129.741842	473.921865	5.160000	2.500000
T-tkb060510b1_ch1_cc2_n_db_60x_1_x1.25_rot.h5	209.630005	-428.670013	850.099976	-202.990006	736.737816	310.837822	2.090000	0.860000
T-tkb060511a1_ch3_cc1_n_ps_100x_1_1.25x_rot.h5	136.460595	-340.819419	179.960595	-632.719382	220.962360	362.267636	3.460000	1.620000
T-tkb060511a3_ch1_cc2_n_ps_100x_1_1.25x.h5	288.272716	-456.367268	1106.562786	-170.367268	782.991808	279.798170	3.240000	1.110000
T-tkb060511a3_ch3_cl_n_jh_100x_1_1.25x_rot_fix.h5	746.762905	-547.007115	680.362880	-614.517125	797.076596	403.836575	2.280000	0.660000
T-tkb060523a2_ch5_cc2_n_nb_60x_1_1.25x_rot_fix.h5	633.082239	-694.607763	1421.602198	-263.627783	1024.705517	310.494435	2.340000	3.480000
T-tkb060523a3_ch1_ct_n_nb_60x_2_1.25x_rot.h5	852.988990	-737.040978	885.618995	-68.520997	705.516520	267.193502	2.090000	1.470000
T-tkb060530a2_ch1_ct_n_ab_100x_1_1.25x.h5	-6.052000	-321.002000	676.128005	-107.961999	137.723601	148.493606	3.240000	3.320000
T-tkb060530a2_ch5_bc_n_ab_100x_1_1.25x.h5	854.707522	-171.162504	450.887515	-204.252500	491.842496	208.332502	6.410000	1.770000
T-tkb060531a2_ch1_cc1_b_yw_60x_1_1.25x_rot_zero-diameter-fix.h5	395.853909	-531.146122	127.613903	-415.196110	630.601195	242.381224	5.160000	2.880000
T-tkb060531a2_ch5_cc1_b_yw_60x_1_1.25x_rot_fix.h5	443.101077	-88.058926	124.461070	-361.578915	316.772489	251.097506	3.840000	1.560000
T-tkb060531a2_ch7_bc_b_yw_60x_1_rot.h5	390.407504	-416.672513	133.167498	-280.512510	336.332487	306.907504	3.240000	1.800000
T-tkb060924b2_ch1_bc_n_og_100x_1_1.25x_rot.h5	422.153089	7.463095	226.153089	-275.076891	548.274305	382.284285	2.870000	2.950000
T-tkb061006a2_ch0_cl_h_zk_60x_0_1.25x.h5	-8.139584	-762.849559	465.050404	-214.599589	290.290842	254.359167	3.900000	6.420000
T-tkb061006c1_ch0_cl_h_zk_60x_0_1.25x_rot_fix.h5	341.505892	-437.294126	376.065890	-405.034116	326.260010	227.854124	5.050000	2.520000
T-tkb061009a2_ch6_ct_n_db_100x_1_1.25x_rot.h5	-6.696176	-513.746176	291.063821	-103.256179	139.558233	129.674704	2.800000	1.470000
T-tkb061009a2_ch7_bc_n_db_100x_1_1.25x_rot.h5	473.319573	-506.970436	268.769554	-279.550423	740.093940	290.283912	1.920000	1.840000
T-tkb061020a1_ch1_cc2_b_yw_60x_1_rot.h5	189.090260	-900.369732	971.860249	-232.549740	1291.530292	335.480274	3.780000	3.050000
T-tkb061020a1_ch2_cc2_b_yw_60x_1_rot.h5	132.561140	-1469.198808	929.841170	-119.058855	3318.434503	296.601435	3.170000	3.780000
T-tkb061020a1_ch4_cl_b_yw_60x_1_rot.h5	696.645167	-745.774877	960.275172	-663.294835	900.024591	306.835425	3.290000	3.780000
T-tkb061020a1_ch5_bc_b_yw_60x_1_rot.h5	959.733105	-754.666858	243.423123	-291.936877	1117.330581	211.909379	3.900000	2.800000
T-tkb061020a1_ch6_cc2_b_yw_60x_1_rot.h5	308.982011	-465.337996	697.231980	-258.568007	566.672840	367.902851	3.900000	2.190000
T-tkb061020a1_ch7_cc2_b_yw_60x_1_rot_zero-diameter-fix.h5	868.908862	-1372.841077	943.968860	-245.941114	1183.897524	303.302488	2.680000	4.870000
T-tkb061020b1_ch1_bc_b_yw_60x_1_rot.h5	622.149224	-609.800788	666.329217	-368.580787	771.900024	613.347176	1.830000	3.930000
T-tkb061025b3_ch0_cc2_h_zk_60x_1_rot.h5	78.670951	-618.489038	731.380957	-189.159051	1269.808154	240.538089	5.000000	2.500000
T-tkb061026a2_ch2_bc_h_zk_60x_0_1.25x_rot_fix.h5	188.475829	-689.634172	257.355819	-178.754167	1247.459961	165.389999	3.640000	2.730000
T-tkb061101a1_ch4_cc2_h_zk_60x_1_1.25x.h5	1342.866813	-384.463173	867.146843	-101.753182	615.399570	126.930000	2.950000	1.360000
T-tkb061101a1_ch6_mc_h_zk_60x_1_1.25x.h5	1316.225435	-89.824545	281.795442	-288.724547	320.073189	228.133187	6.590000	2.950000
T-tkb061101a2_ch2_bc_h_zk_60x_1_1.25x.h5	1221.029196	-334.820841	229.909170	-191.650827	768.130005	206.960007	4.320000	2.360000
T-tkb061101a2_ch5_ct_h_zk_60x_1.h5	439.392792	-443.197234	798.432770	-115.947219	234.831113	117.261113	2.730000	0.910000
T-tkb061101a2_ch6_cc2_h_zk_60x_1.h5	372.625243	-692.934755	831.165221	-127.304765	1959.041944	155.451902	5.230000	1.710000
T-tkb061102a1_ch2_ct_n_bs_100x_1_rot.h5	-0.438636	-329.578623	897.461386	-98.818636	217.772504	96.902502	5.450000	2.800000
T-tkb061122a2_ch1_ct_n_rm_100x_1_fix.h5	495.228287	-248.331726	933.578293	-99.191727	81.794484	117.044484	3.090000	1.500000
T-tkb061123a1_ch1_ct_h_zk_60x_h_1.25x_rot.h5	1250.504118	-384.035891	1037.824064	-125.195879	424.591173	134.861177	3.410000	1.030000
T-tkb061126a1_ch0_ct_h_zk_60x_1_1.25x_rot.h5	1015.218079	-416.441894	1106.888123	-72.181892	464.799988	159.970001	4.850000	1.470000
T-tkb061126a2_ch0_cc1_h_zk_60x_1_1.25x.h5	491.490731	-625.959281	238.170739	-511.939262	1332.367032	307.892978	4.990000	2.050000
T-tkb061126a2_ch1_cc1_h_zk_60x_1_1.25x.h5	289.897580	-392.132419	150.997586	-458.522403	161.070007	287.420013	4.260000	3.380000
T-tkb061126a3_ch0_cc2_h_zk_60x_1_1.25x_rot.h5	241.762063	-492.317938	902.212091	-177.497931	1025.690631	203.470691	4.850000	3.670000
T-tkb061126a4_ch0_cc2_h_zk_60x_1_1.25x_rot.h5	703.660358	-494.729626	845.770404	-157.389615	729.078863	486.848852	3.670000	3.230000
T-tkb061130a4_ch1_cl_n_mp_100x_1_1.25x_zero-diameter-fix.h5	827.176835	-565.273177	815.606827	-408.903152	1572.477875	302.417206	3.320000	5.080000
T-tkb061213a1_ch0_cc1_h_zk_60x_1_1.25x_rot.h5	141.983039	-520.176949	93.433044	-357.836953	2476.243034	277.213035	5.000000	3.180000
T-tkb061213a2_ch1_cc1_h_zk_60x_1_1.25x.h5	36.963043	-467.076943	164.773048	-409.756966	1406.844748	331.204795	3.860000	2.950000
T-tkb061213a3_ch0_cc1_h_zk_60x_1_1.25x.h5	1221.506510	-678.903524	172.606501	-349.063498	1250.997000	187.967001	4.770000	2.050000
T-tkb070125a3_ch1_cc2_b_hw_60x_1.h5	670.627624	-1478.332337	1030.217590	-151.782380	970.915221	191.629529	4.260000	7.310000
T-tkb070125a3_ch2_bc_b_hw_60x_1.h5	1529.349261	-495.200727	212.389285	-559.650739	787.938574	278.221430	3.290000	1.580000
T-tkb070208b3_ch0_cc1_n_mp_100x_1_1.25x_rot.h5	1663.419135	-212.330911	329.609076	-460.970910	810.248182	458.401812	2.950000	0.910000
T-tkb070208b3_ch1_cl_n_mp_100x_1_1.25x.h5	305.286827	-241.973183	331.566825	-319.043190	468.269989	146.080002	3.020000	2.500000
T-tkb070208b3_ch2_bc_n_mp_100x_1_1.25x_rot.h5	1594.345176	-408.864785	394.315207	-401.584787	386.487990	309.801988	4.200000	0.910000
T-tkb070809a2_ch3_bc_n_db_100x_1_1.25x_rot.h5	1105.356652	-313.403327	390.986657	-230.233329	504.075320	140.775332	2.580000	3.930000
T-tkb071114a2_ch10_mc_n_db_100x_1_1.25x_rot.h5	618.511121	12.711111	610.521131	-444.898883	184.461118	248.931104	2.500000	0.810000
T-tkb071114a2_ch2_cc2_n_db_100x_1_1.25x_rot.h5	283.094542	-406.915468	672.024565	-121.985452	150.679993	266.529999	1.620000	0.880000
T-tkb071114a2_ch4_mc_n_db_100x_1_1.25x_rot.h5	1333.178202	9.338148	553.608134	-544.791830	313.042601	555.777437	3.460000	0.660000
T-tkb071114a2_ch8_cc2_n_db_100x_1_1.25x_rot.h5	86.973335	-737.166650	871.663306	-99.256669	215.089996	132.869995	2.360000	0.810000
T-tkb071114a3_ch10_cc2_n_db_100x_1_1.25x_fix.h5	113.314357	-566.665624	691.114344	-140.905645	260.394630	178.004615	3.320000	5.530000
T-tkb071114a3_ch4_mc_n_db_100x_1_1.25x.h5	1236.210702	-298.449271	-15.419259	-319.029258	276.928141	289.848895	3.320000	3.760000
T-tkb071119a1_ch12_cl_n_db_100x_1_1.25x_rot.h5	831.770353	-547.829684	454.380338	-458.569674	632.173316	199.832669	3.830000	4.560000
T-tkb071119a1_ch2_cc1_n_db_100x_1_1.25x_rot.h5	591.745714	-506.634291	80.975718	-554.394300	281.186145	306.993847	2.800000	1.180000
T-tkb071119a1_ch8_cc2_n_db_100x_1_1.25x_rot.h5	541.344432	-712.175588	445.824412	-184.835592	836.156283	301.973692	3.320000	1.690000
T-tkb071119a2_ch8_bc_n_db_100x_1_1.25x.h5	65.303472	-541.846506	134.603476	-127.436533	422.011234	118.891224	3.320000	3.090000
T-tkb071123a2_ch10_ct_n_db_100x_1_1.25x.h5	410.112713	-525.617268	975.702739	-80.527272	691.912397	112.232731	2.650000	5.750000
