L2PC10_1.h5	194.690002	-595.510010	304.070007	-173.520004	845.280029	269.700012	3.600000	1.110000
L2PC10_2.h5	43.880001	-760.299988	376.829987	-135.250000	408.619995	173.100006	2.660000	1.670000
L2PC11_2.h5	427.970001	-1328.500000	177.970001	-85.250000	279.859985	128.990005	2.400000	1.200000
L2PC12_1.h5	548.440002	-344.980011	379.839996	-114.110001	835.229980	192.309998	3.600000	1.200000
L2PC13_1.h5	42.480000	-1353.130005	345.170013	-121.379997	988.219971	139.059998	2.500000	1.110000
L2PC13_2.h5	183.110001	-807.109985	222.449997	-120.860001	394.450012	128.059998	2.220000	1.330000
L2PC14_1.h5	194.690002	-595.510010	347.000000	-99.919998	845.280029	145.149994	3.600000	1.110000
L2PC15_1.h5	-7.370000	-324.179993	377.559998	-88.879997	219.380005	149.410004	3.050000	1.200000
L2PC16_1.h5	84.480003	-914.200012	339.329987	-130.149994	536.929993	182.050003	4.160000	1.110000
L2PC16_2.h5	2.060000	-1528.069946	222.070007	-120.879997	406.799988	130.259995	2.220000	1.110000
L2PC17_1.h5	-6.920000	-332.929993	341.079987	-150.910004	149.970001	142.729996	4.160000	1.200000
L2PC17_2.h5	-6.960000	-1490.310059	386.410004	-113.790001	532.169983	143.669998	4.440000	1.670000
L2PC19_2.h5	427.970001	-1328.500000	224.410004	-123.879997	279.859985	123.970001	2.400000	1.200000
L2PC1_1.h5	132.910004	-653.159973	369.859985	-146.220001	771.260010	187.479996	2.220000	1.390000
L2PC20_1.h5	-8.250000	-339.730011	340.570007	-92.220001	237.800003	144.220001	3.600000	1.200000
L2PC20_2.h5	63.369999	-720.190002	191.529999	-94.559998	534.820007	120.870003	2.400000	1.670000
L2PC21_2.h5	91.510002	-874.369995	210.369995	-70.650002	425.640015	106.860001	2.220000	1.330000
L2PC22_1.h5	295.989990	-696.809998	346.829987	-123.129997	1546.310059	128.169998	2.220000	1.390000
L2PC22_2.h5	236.880005	-883.080017	186.970001	-90.730003	395.339996	106.019997	2.400000	1.330000
L2PC23_2.h5	375.880005	-336.850006	219.210007	-86.550003	680.390015	104.750000	2.660000	1.330000
L2PC24_2.h5	236.880005	-883.080017	354.989990	-95.050003	395.339996	103.449997	2.400000	1.330000
L2PC25_1.h5	467.750000	-1339.780029	336.299988	-123.349998	1316.290039	186.929993	4.200000	1.390000
L2PC25_2.h5	-7.020000	-1479.510010	211.910004	-88.309998	832.750000	148.119995	2.400000	1.200000
L2PC26_1.h5	266.089996	-504.500000	412.359985	-173.610001	889.549988	170.779999	3.000000	1.110000
L2PC26_2.h5	375.880005	-336.850006	221.589996	-122.370003	680.390015	113.570000	2.660000	1.330000
L2PC28_1.h5	-5.720000	-345.380005	344.380005	-88.709999	154.000000	201.729996	4.200000	1.200000
L2PC28_2.h5	-7.020000	-1479.510010	152.850006	-101.379997	832.750000	100.699997	2.400000	1.200000
L2PC2_1.h5	-7.860000	-575.250000	334.190002	-79.250000	500.670013	105.139999	3.600000	1.110000
L2PC2_2.h5	91.510002	-874.369995	349.380005	-132.169998	425.640015	130.880005	2.220000	1.330000
L2PC30_1.h5	112.809998	-1398.550049	357.510010	-167.649994	932.940002	182.860001	3.600000	1.110000
L2PC30_2.h5	333.250000	-1188.020020	357.209991	-112.830002	553.520020	118.220001	2.660000	1.330000
L2PC31_1.h5	95.720001	-707.369995	258.119995	-88.040001	452.989990	174.529999	3.600000	1.110000
L2PC32_1.h5	174.720001	-1050.859985	322.700012	-185.649994	1337.369995	146.149994	3.000000	1.110000
L2PC32_2.h5	332.149994	-431.059998	371.880005	-85.959999	549.239990	119.940002	2.220000	1.200000
L2PC34_1.h5	210.690002	-602.859985	337.450012	-104.750000	427.910004	171.779999	2.220000	1.390000
L2PC34_2.h5	375.880005	-336.850006	366.910004	-120.589996	680.390015	131.720001	2.660000	1.330000
L2PC35_1.h5	595.330017	-1485.050049	336.109985	-116.209999	1085.839966	180.660004	2.220000	1.390000
L2PC36_2.h5	236.880005	-883.080017	220.910004	-73.790001	395.339996	95.790001	2.400000	1.330000
L2PC37_1.h5	-6.920000	-332.929993	243.309998	-89.400002	149.970001	99.580002	4.160000	1.200000
L2PC38_1.h5	65.349998	-987.419983	265.959991	-114.650002	530.260010	254.270004	2.500000	1.110000
L2PC39_2.h5	48.209999	-808.409973	220.580002	-80.570000	487.269989	95.000000	4.440000	1.670000
L2PC40_1.h5	801.159973	-1084.329956	320.329987	-111.150002	1470.369995	165.750000	4.160000	1.390000
L2PC40_2.h5	43.880001	-760.299988	254.160004	-112.220001	408.619995	119.489998	2.660000	1.670000
L2PC41_1.h5	156.389999	-1279.750000	355.679993	-105.089996	986.150024	163.160004	3.600000	1.110000
L2PC41_2.h5	2.060000	-1528.069946	219.949997	-114.290001	406.799988	127.959999	2.220000	1.110000
L2PC42_1.h5	-7.370000	-324.179993	298.149994	-138.490005	219.380005	272.329987	3.050000	1.200000
L2PC42_2.h5	195.009995	-915.330017	389.429993	-87.519997	889.179993	83.680000	4.440000	1.670000
L2PC43_1.h5	-8.250000	-339.730011	267.359985	-108.160004	237.800003	162.550003	3.600000	1.200000
L2PC43_2.h5	63.369999	-720.190002	212.770004	-112.209999	534.820007	119.239998	2.400000	1.670000
L2PC44_1.h5	93.120003	-671.349976	336.609985	-112.470001	456.769989	134.929993	2.500000	1.110000
L2PC45_1.h5	93.410004	-818.809998	347.489990	-102.320000	643.179993	184.360001	3.000000	0.830000
L2PC45_2.h5	375.880005	-336.850006	222.070007	-96.430000	680.390015	120.470001	2.660000	1.330000
L2PC46_1.h5	6.720000	-324.769989	365.809998	-76.760002	203.639999	127.199997	2.500000	1.200000
L2PC47_1.h5	801.159973	-1084.329956	318.690002	-83.760002	1470.369995	253.630005	4.160000	1.390000
L2PC48_1.h5	107.000000	-740.409973	347.519989	-118.260002	735.130005	163.169998	4.200000	1.200000
L2PC49_1.h5	295.989990	-696.809998	368.750000	-139.199997	1546.310059	203.789993	2.220000	1.390000
L2PC49_2.h5	15.300000	-1518.349976	347.790009	-93.080002	635.960022	136.169998	2.660000	1.330000
L2PC4_2.h5	234.639999	-1004.669983	220.410004	-117.000000	727.119995	131.419998	2.220000	1.110000
L2PC50_1.h5	-7.130000	-572.530029	366.029999	-116.160004	436.869995	137.389999	4.720000	1.390000
L2PC51_1.h5	-5.720000	-646.650024	364.410004	-88.699997	366.399994	198.339996	4.200000	1.200000
L2PC51_2.h5	332.149994	-431.059998	341.480011	-94.779999	549.239990	209.009995	2.220000	1.200000
L2PC52_1.h5	-7.370000	-324.179993	299.109985	-104.970001	219.380005	179.160004	3.050000	1.200000
L2PC53_1.h5	-7.860000	-575.250000	329.269989	-127.349998	500.670013	258.859985	3.600000	1.110000
L2PC54_1.h5	65.349998	-987.419983	393.100006	-133.679993	530.260010	260.730011	2.500000	1.110000
L2PC54_2.h5	-6.960000	-866.619995	220.289993	-92.410004	557.200012	92.110001	4.440000	1.670000
L2PC55_1.h5	136.009995	-914.809998	362.350006	-93.360001	526.250000	216.910004	3.600000	0.830000
L2PC56_1.h5	382.470001	-321.230011	279.209991	-123.150002	883.289978	160.929993	4.720000	1.390000
L2PC56_2.h5	234.639999	-1004.669983	217.190002	-90.769997	727.119995	101.070000	2.220000	1.110000
L2PC57_1.h5	-6.920000	-755.190002	306.220001	-125.750000	329.970001	162.809998	4.160000	0.830000
L2PC57_2.h5	368.500000	-437.470001	363.529999	-89.089996	552.940002	109.019997	2.220000	1.200000
L2PC58_1.h5	-7.410000	-564.869995	315.619995	-148.029999	492.309998	144.410004	2.500000	1.110000
L2PC59_1.h5	-8.330000	-563.340027	306.420013	-140.369995	633.830017	170.740005	3.000000	0.830000
L2PC59_2.h5	144.880005	-948.119995	220.380005	-120.389999	431.959991	141.089996	2.660000	1.330000
L2PC5_2.h5	-7.020000	-1479.510010	207.850006	-116.750000	832.750000	120.889999	2.400000	1.200000
L2PC60_1.h5	93.410004	-818.809998	374.320007	-115.150002	643.179993	145.419998	3.000000	0.830000
L2PC61_1.h5	-7.410000	-564.869995	345.769989	-121.529999	492.309998	196.639999	2.500000	1.110000
L2PC61_2.h5	375.880005	-336.850006	243.600006	-92.190002	680.390015	118.410004	2.660000	1.330000
L2PC62_1.h5	209.770004	-1503.969971	336.040009	-123.379997	1058.910034	186.000000	4.160000	1.390000
L2PC63_1.h5	165.240005	-1417.150024	118.940002	-47.990002	797.419983	159.979996	4.200000	1.390000
L2PC64_1.h5	566.239990	-1413.010010	276.899994	-162.429993	1252.839966	173.460007	3.000000	1.390000
L2PC65_1.h5	151.089996	-676.200012	276.640015	-168.979996	454.750000	201.070007	3.000000	1.110000
L2PC65_2.h5	234.639999	-1004.669983	385.070007	-105.019997	727.119995	126.029999	2.220000	1.110000
L2PC66_1.h5	65.349998	-987.419983	246.559998	-147.589996	530.260010	146.270004	2.500000	1.110000
L2PC66_2.h5	368.500000	-437.470001	390.649994	-86.919998	552.940002	134.729996	2.220000	1.200000
L2PC67_1.h5	10.530000	-297.820007	349.290009	-135.289993	259.000000	229.089996	3.000000	1.200000
L2PC67_2.h5	375.880005	-336.850006	256.700012	-109.339996	680.390015	117.849998	2.660000	1.330000
L2PC68_1.h5	511.119995	-1356.930054	329.559998	-131.070007	1366.800049	182.699997	2.500000	1.390000
L2PC6_1.h5	566.239990	-1413.010010	301.540009	-117.790001	1252.839966	161.029999	3.000000	1.390000
L2PC6_2.h5	332.149994	-431.059998	229.210007	-76.370003	549.239990	111.930000	2.220000	1.200000
L2PC70_2.h5	499.929993	-324.359985	388.029999	-88.940002	698.179993	111.589996	2.400000	1.200000
L2PC74_2.h5	-7.020000	-1479.510010	390.200012	-129.399994	832.750000	123.230003	2.400000	1.200000
L2PC75_2.h5	-7.100000	-855.739990	223.080002	-89.019997	472.579987	122.680000	2.220000	1.670000
L2PC77_2.h5	236.880005	-883.080017	261.750000	-97.500000	395.339996	111.580002	2.400000	1.330000
L2PC7_1.h5	151.089996	-676.200012	329.450012	-107.050003	454.750000	168.899994	3.000000	1.110000
L2PC7_2.h5	15.300000	-1518.349976	180.130005	-90.930000	635.960022	90.190002	2.660000	1.330000
L2PC80_2.h5	427.970001	-1328.500000	382.790009	-130.580002	279.859985	131.809998	2.400000	1.200000
L2PC81_2.h5	236.880005	-883.080017	252.279999	-95.160004	395.339996	126.879997	2.400000	1.330000
L2PC84_2.h5	236.880005	-883.080017	352.899994	-101.139999	395.339996	120.720001	2.400000	1.330000
L2PC86_2.h5	499.929993	-324.359985	214.740005	-107.160004	698.179993	148.660004	2.400000	1.200000
L2PC87_2.h5	375.880005	-336.850006	227.000000	-108.239998	680.390015	113.599998	2.660000	1.330000
L2PC92_2.h5	-7.020000	-1479.510010	221.509995	-88.620003	832.750000	100.470001	2.400000	1.200000
L2PC94_2.h5	332.149994	-431.059998	345.630005	-109.959999	549.239990	111.209999	2.220000	1.200000
L2PC97_2.h5	236.880005	-883.080017	219.399994	-99.839996	395.339996	103.739998	2.400000	1.330000
L2PC98_2.h5	236.880005	-883.080017	247.199997	-94.330002	395.339996	119.330002	2.400000	1.330000
L2PC99_2.h5	236.880005	-883.080017	230.250000	-93.389999	395.339996	141.979996	2.400000	1.330000
L2PC9_1.h5	-7.370000	-324.179993	333.850006	-160.399994	219.380005	143.770004	3.050000	1.200000
L2PC9_2.h5	-7.020000	-1479.510010	222.270004	-101.550003	832.750000	116.680000	2.400000	1.200000
L3PC100_2.h5	444.549988	-1247.270020	390.690002	-108.730003	901.349976	187.880005	2.780000	1.110000
L3PC10_3.h5	361.940002	-502.260010	418.779999	-84.809998	885.830017	156.130005	2.000000	1.340000
L3PC11_1.h5	404.309998	-596.150024	241.559998	-120.129997	1891.599976	158.899994	2.000000	1.990000
L3PC11_3.h5	411.890015	-692.830017	306.790009	-103.620003	612.929993	145.429993	2.220000	1.340000
L3PC12_1.h5	553.700012	-1166.939941	219.050003	-147.440002	616.799988	172.649994	3.990000	1.990000
L3PC12_2.h5	273.600006	-1448.959961	364.500000	-95.250000	459.769989	175.220001	2.780000	1.200000
L3PC13_1.h5	516.739990	-1103.849976	423.450012	-138.330002	639.760010	148.179993	3.000000	1.800000
L3PC14_1.h5	455.760010	-1147.089966	400.149994	-171.250000	665.940002	169.179993	3.320000	1.990000
L3PC14_3.h5	466.910004	-480.459991	448.089996	-175.970001	844.369995	172.160004	2.780000	1.340000
L3PC15_1.h5	282.380005	-847.390015	333.579987	-132.309998	633.669983	153.850006	3.990000	1.990000
L3PC15_2.h5	275.609985	-1447.579956	432.440002	-179.080002	471.250000	210.509995	3.320000	1.330000
L3PC15_3.h5	464.670013	-555.929993	414.079987	-81.120003	890.469971	141.710007	2.780000	1.110000
L3PC17_2.h5	185.669998	-1059.650024	401.579987	-163.470001	777.659973	198.529999	3.320000	1.330000
L3PC17_3.h5	1156.500000	-615.539978	433.209991	-108.070000	1023.210022	161.669998	2.000000	1.340000
L3PC18_2.h5	185.669998	-1059.650024	409.070007	-146.070007	777.659973	175.089996	3.320000	1.330000
L3PC1_1.h5	350.420013	-387.480011	393.100006	-124.680000	968.359985	149.639999	3.990000	1.990000
L3PC1_3.h5	247.389999	-530.840027	442.309998	-143.720001	946.570007	146.289993	2.660000	1.340000
L3PC20_1.h5	303.470001	-661.219971	342.079987	-175.889999	1863.130005	163.800003	3.000000	1.990000
L3PC20_2.h5	548.739990	-940.919983	303.540009	-139.869995	1725.530029	162.490005	3.320000	1.330000
L3PC21_1.h5	527.750000	-570.909973	246.410004	-124.309998	1786.489990	174.360001	2.670000	1.990000
L3PC21_2.h5	399.769989	-1263.079956	341.970001	-148.699997	905.250000	188.570007	2.000000	1.330000
L3PC21_3.h5	1155.390015	-629.229980	412.929993	-159.580002	1322.719971	148.089996	2.780000	1.110000
L3PC22_1.h5	254.559998	-893.890015	393.000000	-80.459999	589.210022	166.630005	3.000000	1.800000
L3PC22_3.h5	1155.390015	-629.229980	417.790009	-89.180000	1322.719971	140.229996	2.780000	1.110000
L3PC23_2.h5	326.070007	-1530.010010	390.649994	-175.580002	389.950012	216.330002	2.400000	1.200000
L3PC24_2.h5	182.080002	-1061.239990	380.779999	-89.980003	783.039978	139.240005	2.780000	1.330000
L3PC25_1.h5	236.899994	-743.080017	382.089996	-149.210007	1811.770020	155.160004	3.990000	1.990000
L3PC25_2.h5	273.600006	-1448.959961	356.309998	-183.199997	459.769989	207.639999	2.780000	1.200000
L3PC25_3.h5	1156.500000	-615.539978	418.790009	-132.100006	1023.210022	150.970001	2.000000	1.340000
L3PC26_2.h5	328.170013	-1149.329956	442.200012	-129.009995	1439.890015	150.729996	3.320000	0.660000
L3PC26_3.h5	464.670013	-555.929993	432.850006	-74.809998	890.469971	160.639999	2.780000	1.110000
L3PC27_1.h5	389.739990	-602.710022	384.619995	-137.529999	1887.140015	225.830002	3.320000	1.990000
L3PC28_1.h5	372.670013	-1128.170044	303.339996	-127.209999	679.630005	195.119995	2.670000	1.110000
L3PC28_3.h5	466.910004	-480.459991	275.989990	-71.459999	844.369995	160.850006	2.780000	1.340000
L3PC2_1.h5	340.070007	-396.829987	389.209991	-151.679993	918.450012	159.039993	3.320000	1.990000
L3PC2_2.h5	326.070007	-1530.010010	395.269989	-152.020004	389.950012	161.800003	2.400000	1.200000
L3PC2_3.h5	464.670013	-555.929993	396.989990	-89.120003	890.469971	158.050003	2.780000	1.110000
L3PC30_1.h5	282.380005	-847.390015	373.269989	-126.860001	633.669983	269.410004	3.990000	1.990000
L3PC30_3.h5	630.650024	-1153.229980	311.589996	-135.440002	1979.689941	170.110001	2.780000	1.330000
L3PC31_1.h5	333.529999	-392.010010	330.179993	-169.529999	914.369995	261.540009	2.000000	1.800000
L3PC31_2.h5	555.799988	-957.200012	333.730011	-188.380005	1700.310059	209.080002	2.670000	1.330000
L3PC31_3.h5	411.890015	-692.830017	446.510010	-123.269997	612.929993	161.399994	2.220000	1.340000
L3PC33_2.h5	273.600006	-1448.959961	388.869995	-137.110001	459.769989	147.669998	2.780000	1.200000
L3PC34_1.h5	527.750000	-570.909973	270.089996	-162.660004	1786.489990	147.949997	2.670000	1.990000
L3PC34_3.h5	411.890015	-692.830017	411.600006	-146.429993	612.929993	141.380005	2.220000	1.340000
L3PC35_1.h5	236.899994	-743.080017	378.350006	-147.940002	1811.770020	132.369995	3.990000	1.990000
L3PC35_2.h5	700.780029	-907.340027	391.059998	-170.639999	1574.770020	158.429993	2.400000	1.330000
L3PC35_3.h5	361.940002	-502.260010	420.390015	-140.080002	885.830017	181.940002	2.000000	1.340000
L3PC36_1.h5	254.559998	-893.890015	304.329987	-105.959999	589.210022	159.679993	3.000000	1.800000
L3PC37_1.h5	-8.390000	-851.400024	342.790009	-135.059998	604.419983	160.770004	3.320000	1.990000
L3PC38_3.h5	361.940002	-502.260010	430.339996	-124.690002	885.830017	159.759995	2.000000	1.340000
L3PC39_1.h5	98.570000	-1028.640015	301.760010	-128.990005	448.190002	198.199997	2.670000	0.670000
L3PC39_3.h5	346.140015	-593.109985	421.910004	-124.930000	929.640015	152.000000	2.000000	1.340000
L3PC3_1.h5	527.750000	-570.909973	337.019989	-135.550003	1786.489990	213.119995	2.670000	1.990000
L3PC3_3.h5	464.670013	-555.929993	428.959991	-188.350006	890.469971	179.389999	2.780000	1.110000
L3PC40_2.h5	212.619995	-1083.170044	406.160004	-177.770004	1603.199951	167.240005	2.000000	1.330000
L3PC40_3.h5	552.590027	-530.130005	428.010010	-165.539993	627.169983	178.119995	2.220000	1.110000
L3PC41_2.h5	555.799988	-957.200012	368.730011	-160.529999	1700.310059	130.759995	2.670000	1.330000
L3PC42_1.h5	282.380005	-847.390015	261.480011	-119.989998	633.669983	173.020004	3.990000	1.990000
L3PC42_2.h5	560.900024	-898.969971	446.049988	-139.330002	1727.160034	158.339996	2.660000	1.330000
L3PC42_3.h5	361.940002	-502.260010	389.200012	-144.880005	885.830017	131.009995	2.000000	1.340000
L3PC43_1.h5	404.309998	-596.150024	290.100006	-130.669998	1891.599976	136.630005	2.000000	1.990000
L3PC43_3.h5	361.940002	-502.260010	442.100006	-130.740005	885.830017	167.080002	2.000000	1.340000
L3PC44_1.h5	553.700012	-1166.939941	325.489990	-178.759995	616.799988	266.910004	3.990000	1.990000
L3PC44_3.h5	1156.500000	-615.539978	412.049988	-126.120003	1023.210022	149.669998	2.000000	1.340000
L3PC47_1.h5	-8.090000	-845.289978	275.700012	-117.279999	636.979980	215.050003	2.000000	1.990000
L3PC47_3.h5	464.670013	-555.929993	402.529999	-155.179993	890.469971	172.070007	2.780000	1.110000
L3PC49_1.h5	350.420013	-387.480011	442.230011	-151.539993	968.359985	167.250000	3.990000	1.990000
L3PC49_2.h5	57.820000	-1222.449951	430.709991	-150.270004	1804.609985	191.190002	2.400000	1.200000
L3PC49_3.h5	464.670013	-555.929993	443.799988	-100.019997	890.469971	159.960007	2.780000	1.110000
L3PC4_1.h5	254.559998	-893.890015	375.200012	-117.540001	589.210022	128.720001	3.000000	1.800000
L3PC4_2.h5	326.070007	-1530.010010	328.339996	-142.300003	389.950012	158.490005	2.400000	1.200000
L3PC50_2.h5	480.100006	-1110.689941	413.600006	-155.660004	888.390015	159.889999	2.670000	1.330000
L3PC51_2.h5	555.799988	-957.200012	392.809998	-184.169998	1700.310059	213.110001	2.670000	1.330000
L3PC51_3.h5	466.910004	-480.459991	427.549988	-137.539993	844.369995	182.679993	2.780000	1.340000
L3PC54_2.h5	559.210022	-894.130005	390.450012	-72.669998	1728.069946	143.619995	2.780000	1.330000
L3PC55_1.h5	98.570000	-1028.640015	383.130005	-136.419998	448.190002	178.990005	2.670000	0.670000
L3PC55_2.h5	247.979996	-1041.989990	375.109985	-214.259995	1547.680054	231.250000	2.780000	1.110000
L3PC55_3.h5	1155.390015	-629.229980	407.089996	-171.690002	1322.719971	169.470001	2.780000	1.110000
L3PC56_1.h5	448.239990	-1157.079956	376.510010	-130.610001	661.169983	226.660004	2.000000	1.110000
L3PC56_2.h5	256.570007	-1036.050049	417.940002	-155.339996	1539.969971	151.550003	2.660000	1.330000
L3PC57_1.h5	236.899994	-743.080017	366.660004	-151.639999	1811.770020	222.149994	3.990000	1.990000
L3PC57_2.h5	559.210022	-894.130005	377.200012	-149.059998	1728.069946	200.960007	2.780000	1.330000
L3PC58_1.h5	553.700012	-1166.939941	386.380005	-140.110001	616.799988	203.949997	3.990000	1.990000
L3PC59_1.h5	340.070007	-396.829987	360.579987	-151.190002	918.450012	218.839996	3.320000	1.990000
L3PC59_2.h5	247.979996	-1041.989990	435.470001	-182.899994	1547.680054	200.960007	2.780000	1.110000
L3PC5_1.h5	-8.350000	-839.719971	332.119995	-126.620003	590.669983	150.580002	3.990000	1.990000
L3PC5_2.h5	548.739990	-940.919983	406.600006	-161.389999	1725.530029	167.460007	2.660000	1.330000
L3PC5_3.h5	466.910004	-480.459991	435.630005	-97.839996	844.369995	162.279999	2.780000	1.340000
L3PC60_1.h5	527.750000	-570.909973	320.309998	-119.150002	1786.489990	167.899994	2.670000	1.990000
L3PC61_2.h5	305.049988	-1001.429993	413.420013	-190.039993	958.020020	188.259995	2.400000	1.330000
L3PC62_1.h5	-8.350000	-839.719971	398.200012	-135.009995	590.669983	247.500000	3.990000	1.990000
L3PC62_2.h5	389.899994	-1301.459961	417.160004	-184.149994	1302.000000	202.199997	2.670000	1.330000
L3PC64_2.h5	555.799988	-957.200012	414.940002	-142.580002	1700.310059	138.169998	2.670000	1.330000
L3PC65_1.h5	236.899994	-743.080017	430.130005	-115.839996	1811.770020	213.710007	3.990000	1.990000
L3PC66_1.h5	372.670013	-1128.170044	278.559998	-136.520004	679.630005	131.229996	2.670000	1.110000
L3PC68_1.h5	361.279999	-408.890015	422.579987	-142.320007	955.849976	146.539993	3.000000	1.800000
L3PC68_2.h5	305.049988	-1001.429993	414.440002	-156.169998	958.020020	205.130005	2.400000	1.330000
L3PC69_2.h5	261.149994	-1322.760010	408.390015	-191.729996	760.679993	180.279999	2.670000	1.330000
L3PC71_1.h5	254.559998	-893.890015	292.690002	-100.599998	589.210022	159.240005	3.000000	1.800000
L3PC71_2.h5	261.149994	-1322.760010	464.750000	-149.669998	760.679993	141.779999	2.670000	1.330000
L3PC72_1.h5	236.899994	-743.080017	392.589996	-123.410004	1811.770020	233.139999	3.990000	1.990000
L3PC73_1.h5	236.899994	-743.080017	361.500000	-134.360001	1811.770020	172.589996	3.990000	1.990000
L3PC73_2.h5	328.170013	-1149.329956	347.429993	-133.759995	1439.890015	148.770004	2.660000	0.660000
L3PC74_2.h5	546.909973	-1461.609985	427.420013	-139.119995	881.530029	170.869995	3.320000	1.330000
L3PC75_1.h5	236.899994	-743.080017	359.489990	-131.679993	1811.770020	145.979996	3.990000	1.990000
L3PC75_2.h5	560.900024	-898.969971	387.679993	-188.460007	1727.160034	185.850006	2.660000	1.330000
L3PC76_1.h5	236.899994	-743.080017	334.079987	-101.500000	1811.770020	169.270004	3.990000	1.990000
L3PC77_1.h5	-8.090000	-845.289978	362.579987	-133.300003	636.979980	210.470001	2.000000	1.990000
L3PC78_2.h5	185.669998	-1059.650024	451.600006	-151.929993	777.659973	158.610001	3.320000	1.330000
L3PC79_1.h5	-8.350000	-839.719971	406.019989	-154.720001	590.669983	179.610001	3.990000	1.990000
L3PC79_2.h5	431.130005	-1241.270020	400.049988	-120.680000	902.609985	171.449997	2.660000	1.330000
L3PC7_2.h5	212.619995	-1083.170044	410.519989	-128.110001	1603.199951	157.149994	2.000000	1.330000
L3PC80_1.h5	516.739990	-1103.849976	394.429993	-132.539993	639.760010	172.929993	3.000000	1.800000
L3PC81_1.h5	-8.350000	-839.719971	344.630005	-113.410004	590.669983	283.630005	3.990000	1.990000
L3PC81_2.h5	548.739990	-940.919983	390.220001	-170.580002	1725.530029	169.789993	3.320000	1.330000
L3PC83_1.h5	389.739990	-602.710022	408.839996	-122.940002	1887.140015	148.899994	3.320000	1.990000
L3PC83_2.h5	687.739990	-1452.469971	323.029999	-216.330002	794.739990	164.960007	2.670000	1.330000
L3PC84_1.h5	389.739990	-602.710022	391.190002	-142.809998	1887.140015	142.830002	3.320000	1.990000
L3PC84_2.h5	555.799988	-957.200012	428.790009	-179.570007	1700.310059	180.000000	2.670000	1.330000
L3PC85_2.h5	198.850006	-1032.989990	407.399994	-136.539993	729.729980	132.089996	2.660000	1.330000
L3PC88_1.h5	236.899994	-743.080017	313.279999	-145.220001	1811.770020	227.410004	3.990000	1.990000
L3PC88_2.h5	182.080002	-1061.239990	387.940002	-131.369995	783.039978	192.179993	2.780000	1.330000
L3PC8_1.h5	-8.520000	-863.080017	370.470001	-139.589996	466.429993	161.179993	3.000000	1.990000
L3PC8_2.h5	198.850006	-1032.989990	398.459991	-177.059998	729.729980	165.440002	3.320000	1.330000
L3PC90_1.h5	553.700012	-1166.939941	327.170013	-160.949997	616.799988	213.940002	3.990000	1.990000
L3PC90_2.h5	326.070007	-1530.010010	368.589996	-150.910004	389.950012	151.970001	2.400000	1.200000
L3PC92_1.h5	236.899994	-743.080017	406.459991	-169.669998	1811.770020	164.119995	3.990000	1.990000
L3PC92_2.h5	546.650024	-891.020020	311.660004	-170.250000	1717.520020	168.520004	2.000000	1.330000
L3PC93_2.h5	185.669998	-1059.650024	390.470001	-149.419998	777.659973	157.470001	3.320000	1.330000
L3PC94_1.h5	372.670013	-1128.170044	416.700012	-150.029999	679.630005	153.190002	2.670000	1.110000
L3PC94_2.h5	213.089996	-1016.770020	211.619995	-152.220001	704.960022	149.139999	2.670000	1.330000
L3PC95_2.h5	261.149994	-1322.760010	400.230011	-160.990005	760.679993	163.449997	2.670000	1.330000
L3PC96_1.h5	404.309998	-596.150024	382.750000	-166.490005	1891.599976	195.250000	2.000000	1.990000
L3PC97_2.h5	326.070007	-1530.010010	382.549988	-158.750000	389.950012	210.050003	2.400000	1.200000
L3PC99_2.h5	546.909973	-1461.609985	440.070007	-144.500000	881.530029	154.220001	3.320000	1.330000
L3PC9_2.h5	256.570007	-1036.050049	347.329987	-137.990005	1539.969971	177.160004	2.660000	1.330000
L4PC1.h5	413.750000	-1256.180054	456.000000	-111.470001	1081.079956	154.619995	3.980000	1.330000
L4PC10.h5	647.549988	-1229.160034	526.929993	-94.529999	1369.319946	120.150002	2.490000	1.390000
L4PC101.h5	596.960022	-597.489990	389.940002	-159.309998	1439.819946	207.559998	3.610000	1.330000
L4PC102.h5	163.100006	-912.510010	579.710022	-139.410004	410.269989	175.410004	3.610000	1.110000
L4PC103.h5	163.100006	-912.510010	572.200012	-133.570007	410.269989	160.720001	3.610000	1.110000
L4PC104.h5	596.960022	-597.489990	411.299988	-159.990005	1439.819946	206.059998	3.610000	1.330000
L4PC105.h5	192.610001	-925.849976	594.010010	-132.500000	343.709991	150.699997	2.670000	1.330000
L4PC106.h5	838.210022	-1043.410034	592.690002	-178.309998	1371.810059	213.169998	2.670000	1.330000
L4PC107.h5	596.960022	-597.489990	579.710022	-153.029999	1439.819946	177.330002	3.610000	1.330000
L4PC108.h5	596.960022	-597.489990	601.500000	-102.599998	1439.819946	173.360001	3.610000	1.330000
L4PC11.h5	346.940002	-1237.719971	531.179993	-126.879997	1593.900024	229.220001	3.980000	2.000000
L4PC110.h5	596.960022	-597.489990	469.750000	-129.399994	1439.819946	194.979996	3.610000	1.330000
L4PC112.h5	681.020020	-658.039978	589.489990	-157.740005	1424.430054	157.229996	2.670000	1.330000
L4PC113.h5	192.610001	-925.849976	565.929993	-60.049999	343.709991	152.660004	2.670000	1.330000
L4PC114.h5	596.960022	-597.489990	593.559998	-121.470001	1439.819946	150.889999	3.610000	1.330000
L4PC115.h5	163.100006	-912.510010	406.859985	-176.520004	410.269989	209.830002	3.610000	1.110000
L4PC116.h5	596.960022	-597.489990	561.000000	-116.379997	1439.819946	210.240005	3.610000	1.330000
L4PC117.h5	163.100006	-912.510010	610.239990	-153.229996	410.269989	210.500000	3.610000	1.110000
L4PC118.h5	596.960022	-597.489990	680.559998	-135.139999	1439.819946	164.289993	3.610000	1.330000
L4PC120.h5	163.100006	-912.510010	258.980011	-143.520004	410.269989	195.699997	3.610000	1.110000
L4PC121.h5	641.289978	-238.520004	450.500000	-136.860001	1423.959961	157.440002	2.000000	1.330000
L4PC126.h5	838.210022	-1043.410034	562.859985	-63.340000	1371.810059	181.820007	2.670000	1.330000
L4PC127.h5	163.100006	-912.510010	583.030029	-159.699997	410.269989	165.580002	3.610000	1.110000
L4PC128.h5	163.100006	-912.510010	525.739990	-142.740005	410.269989	146.899994	3.610000	1.110000
L4PC129.h5	596.960022	-597.489990	376.920013	-219.949997	1439.819946	167.119995	3.610000	1.330000
L4PC13.h5	846.760010	-343.750000	485.529999	-142.029999	1062.520020	144.589996	1.990000	1.330000
L4PC130.h5	163.100006	-912.510010	510.510010	-146.070007	410.269989	147.929993	3.610000	1.110000
L4PC132.h5	163.100006	-912.510010	413.160004	-105.930000	410.269989	179.250000	3.610000	1.110000
L4PC133.h5	163.100006	-912.510010	280.299988	-176.729996	410.269989	173.919998	3.610000	1.110000
L4PC134.h5	113.150002	-848.299988	580.669983	-163.880005	639.400024	182.669998	2.000000	1.110000
L4PC135.h5	596.960022	-597.489990	561.330017	-165.399994	1439.819946	166.619995	3.610000	1.330000
L4PC136.h5	113.150002	-848.299988	591.539978	-138.979996	639.400024	168.179993	2.000000	1.110000
L4PC137.h5	192.610001	-925.849976	499.790009	-85.550003	343.709991	163.059998	2.670000	1.330000
L4PC138.h5	163.100006	-912.510010	306.079987	-137.830002	410.269989	163.679993	3.610000	1.110000
L4PC139.h5	163.100006	-912.510010	308.369995	-134.380005	410.269989	177.979996	3.610000	1.110000
L4PC14.h5	572.919983	-827.989990	420.690002	-181.130005	512.309998	200.229996	2.490000	1.390000
L4PC143.h5	681.020020	-658.039978	548.729980	-59.520000	1424.430054	193.339996	2.670000	1.330000
L4PC144.h5	939.460022	-1107.349976	553.530029	-112.419998	1360.479980	144.160004	3.610000	1.110000
L4PC145.h5	681.020020	-658.039978	572.760010	-87.959999	1424.430054	176.309998	2.670000	1.330000
L4PC146.h5	163.100006	-912.510010	330.839996	-125.269997	410.269989	165.220001	3.610000	1.110000
L4PC147.h5	939.460022	-1107.349976	541.200012	-135.880005	1360.479980	147.990005	3.610000	1.110000
L4PC148.h5	113.150002	-848.299988	568.789978	-141.720001	639.400024	169.550003	2.000000	1.110000
L4PC149.h5	163.100006	-912.510010	408.429993	-165.009995	410.269989	191.320007	3.610000	1.110000
L4PC151.h5	1284.500000	-1201.910034	573.500000	-155.110001	1068.170044	167.610001	2.000000	1.110000
L4PC152.h5	192.610001	-925.849976	561.520020	-68.220001	343.709991	158.330002	2.670000	1.330000
L4PC153.h5	163.100006	-912.510010	586.590027	-138.899994	410.269989	173.880005	3.610000	1.110000
L4PC154.h5	163.100006	-912.510010	592.929993	-171.619995	410.269989	167.250000	3.610000	1.110000
L4PC156.h5	641.289978	-238.520004	436.910004	-144.119995	1423.959961	207.960007	2.000000	1.330000
L4PC158.h5	192.610001	-925.849976	388.709991	-66.389999	343.709991	207.779999	2.670000	1.330000
L4PC159.h5	838.210022	-1043.410034	567.020020	-144.919998	1371.810059	148.869995	2.670000	1.330000
L4PC16.h5	371.850006	-1319.589966	571.450012	-137.210007	836.770020	199.389999	2.000000	2.000000
L4PC160.h5	163.100006	-912.510010	609.950012	-175.270004	410.269989	179.970001	3.610000	1.110000
L4PC162.h5	113.150002	-848.299988	450.160004	-170.309998	639.400024	204.229996	2.000000	1.110000
L4PC163.h5	113.150002	-848.299988	318.970001	-157.649994	639.400024	183.800003	2.000000	1.110000
L4PC164.h5	163.100006	-912.510010	540.539978	-155.179993	410.269989	162.649994	3.610000	1.110000
L4PC167.h5	596.960022	-597.489990	372.140015	-123.510002	1439.819946	156.270004	3.610000	1.330000
L4PC168.h5	681.020020	-658.039978	430.480011	-158.710007	1424.430054	167.809998	2.670000	1.330000
L4PC169.h5	113.150002	-848.299988	579.539978	-167.850006	639.400024	170.610001	2.000000	1.110000
L4PC171.h5	192.610001	-925.849976	568.739990	-58.090000	343.709991	210.089996	2.670000	1.330000
L4PC173.h5	939.460022	-1107.349976	552.369995	-137.039993	1360.479980	208.990005	3.610000	1.110000
L4PC174.h5	163.100006	-912.510010	363.730011	-146.139999	410.269989	190.080002	3.610000	1.110000
L4PC175.h5	113.150002	-848.299988	291.179993	-136.070007	639.400024	210.160004	2.000000	1.110000
L4PC176.h5	838.210022	-1043.410034	270.739990	-107.110001	1371.810059	205.470001	2.670000	1.330000
L4PC177.h5	681.020020	-658.039978	569.429993	-101.500000	1424.430054	187.759995	2.670000	1.330000
L4PC178.h5	113.150002	-848.299988	479.779999	-168.500000	639.400024	203.160004	2.000000	1.110000
L4PC179.h5	641.289978	-238.520004	338.989990	-177.500000	1423.959961	205.470001	2.000000	1.330000
L4PC18.h5	668.739990	-829.380005	390.079987	-153.029999	1008.280029	154.690002	3.990000	2.000000
L4PC181.h5	163.100006	-912.510010	540.979980	-136.960007	410.269989	160.279999	3.610000	1.110000
L4PC184.h5	596.960022	-597.489990	573.260010	-139.330002	1439.819946	167.059998	3.610000	1.330000
L4PC19.h5	589.859985	-1217.180054	575.159973	-79.209999	1357.579956	115.330002	3.600000	1.200000
L4PC2.h5	486.049988	-1170.170044	532.770020	-54.169998	1317.479980	126.959999	2.000000	1.330000
L4PC20.h5	90.250000	-1147.560059	532.599976	-119.120003	727.780029	256.640015	2.490000	1.990000
L4PC202.h5	1375.959961	-705.780029	446.329987	-135.720001	720.989990	141.789993	2.670000	1.330000
L4PC204.h5	1375.959961	-705.780029	445.489990	-137.770004	720.989990	174.839996	2.670000	1.330000
L4PC21.h5	118.040001	-1253.189941	516.280029	-119.650002	636.640015	139.509995	3.990000	1.990000
L4PC213.h5	1375.959961	-705.780029	398.399994	-107.919998	720.989990	138.100006	2.670000	1.330000
L4PC214.h5	1375.959961	-705.780029	432.820007	-137.160004	720.989990	143.119995	2.670000	1.330000
L4PC215.h5	1375.959961	-705.780029	447.269989	-121.949997	720.989990	180.839996	2.670000	1.330000
L4PC22.h5	303.230011	-187.860001	477.410004	-181.149994	435.260010	234.059998	2.490000	0.830000
L4PC221.h5	1375.959961	-705.780029	443.570007	-126.879997	720.989990	139.830002	2.670000	1.330000
L4PC226.h5	1375.959961	-705.780029	445.670013	-128.169998	720.989990	167.520004	2.670000	1.330000
L4PC24.h5	448.220001	-1335.260010	489.420013	-158.880005	698.349976	136.589996	3.990000	1.990000
L4PC242.h5	1375.959961	-705.780029	450.589996	-120.570000	720.989990	167.580002	2.670000	1.330000
L4PC25.h5	332.690002	-1155.910034	584.549988	-90.760002	1312.359985	249.259995	3.600000	2.000000
L4PC26.h5	622.690002	-824.890015	398.000000	-139.850006	504.059998	153.009995	3.600000	1.390000
L4PC29.h5	88.309998	-1222.310059	445.230011	-140.410004	702.400024	122.959999	2.000000	1.990000
L4PC3.h5	383.010010	-622.460022	297.070007	-151.910004	1098.099976	152.699997	2.490000	1.330000
L4PC30.h5	523.479980	-1494.719971	552.059998	-107.459999	616.469971	209.600006	2.490000	1.390000
L4PC31.h5	88.309998	-1222.310059	531.669983	-167.740005	702.400024	179.800003	2.000000	1.990000
L4PC32.h5	505.140015	-546.469971	572.380005	-216.529999	1050.439941	314.260010	2.000000	2.000000
L4PC37.h5	647.549988	-1229.160034	565.059998	-78.879997	1369.319946	121.389999	2.490000	1.390000
L4PC4.h5	691.500000	-807.950012	502.220001	-151.039993	582.380005	138.130005	1.990000	1.390000
L4PC42.h5	566.460022	-1497.579956	535.880005	-177.020004	766.570007	199.050003	1.990000	1.330000
L4PC43.h5	696.349976	-757.309998	489.470001	-171.580002	1169.239990	173.050003	2.000000	2.000000
L4PC45.h5	696.349976	-757.309998	484.179993	-129.119995	1169.239990	167.250000	2.000000	2.000000
L4PC46.h5	438.170013	-1324.599976	481.269989	-132.399994	726.770020	130.360001	2.490000	1.330000
L4PC47.h5	92.919998	-1234.849976	281.940002	-115.629997	626.090027	131.740005	2.000000	2.000000
L4PC48.h5	93.940002	-1242.619995	447.679993	-188.410004	629.789978	190.729996	2.490000	1.990000
L4PC49.h5	332.690002	-1155.910034	303.660004	-90.339996	1312.359985	176.750000	3.600000	2.000000
L4PC5.h5	342.380005	-110.410004	587.520020	-118.389999	498.230011	117.970001	2.490000	1.390000
L4PC50.h5	455.119995	-1331.109985	551.739990	-149.300003	766.609985	199.750000	3.980000	1.330000
L4PC52.h5	342.380005	-110.410004	403.190002	-117.669998	498.230011	197.220001	2.490000	1.390000
L4PC53.h5	604.309998	-836.419983	375.720001	-165.729996	474.920013	135.229996	2.000000	2.000000
L4PC55.h5	689.940002	-772.549988	356.209991	-169.850006	1151.310059	170.509995	2.000000	2.000000
L4PC56.h5	92.919998	-1234.849976	531.520020	-156.279999	626.090027	184.539993	2.000000	2.000000
L4PC57.h5	501.690002	-1025.060059	437.309998	-182.229996	1179.829956	188.660004	3.990000	1.990000
L4PC58.h5	470.890015	-1394.390015	516.429993	-200.830002	621.809998	195.399994	2.000000	2.000000
L4PC59.h5	297.799988	-146.899994	431.220001	-144.500000	462.450012	148.610001	2.000000	2.000000
L4PC6.h5	448.220001	-1335.260010	410.869995	-185.240005	698.349976	177.910004	3.990000	1.990000
L4PC60.h5	303.230011	-187.860001	535.929993	-157.330002	435.260010	211.690002	2.490000	0.830000
L4PC64.h5	689.940002	-772.549988	546.659973	-130.100006	1151.310059	160.169998	2.000000	2.000000
L4PC65.h5	627.349976	-843.679993	515.830017	-219.339996	496.640015	220.110001	3.330000	1.390000
L4PC66.h5	331.040009	-1115.380005	535.090027	-150.490005	1232.689941	183.139999	2.490000	2.000000
L4PC68.h5	83.820000	-1177.699951	531.859985	-125.500000	759.640015	131.990005	3.600000	1.990000
L4PC7.h5	689.830017	-712.369995	520.359985	-186.139999	1211.930054	217.580002	3.600000	2.000000
L4PC71.h5	566.460022	-1497.579956	329.850006	-136.850006	766.570007	220.419998	1.330000	1.330000
L4PC73.h5	350.630005	-1196.839966	560.440002	-155.860001	1410.839966	174.259995	2.000000	2.000000
L4PC74.h5	505.779999	-1503.660034	493.570007	-157.070007	616.130005	153.270004	3.600000	1.330000
L4PC75.h5	83.820000	-1177.699951	301.519989	-122.480003	759.640015	230.380005	3.600000	1.990000
L4PC76.h5	594.760010	-476.130005	266.470001	-105.540001	1005.039978	210.479996	3.330000	1.330000
L4PC77.h5	594.760010	-476.130005	491.899994	-150.229996	1005.039978	184.419998	3.330000	1.330000
L4PC78.h5	678.280029	-682.960022	507.190002	-153.729996	1236.099976	179.600006	2.490000	2.000000
L4PC79.h5	663.359985	-834.580017	573.690002	-137.350006	506.320007	168.649994	2.490000	1.390000
L4PC8.h5	761.609985	-1240.890015	257.769989	-136.899994	1399.130005	167.139999	1.330000	1.330000
L4PC80.h5	342.380005	-110.410004	513.940002	-120.029999	498.230011	151.020004	2.490000	1.390000
L4PC81.h5	331.040009	-1115.380005	488.989990	-169.529999	1232.689941	213.669998	2.490000	2.000000
L4PC82.h5	433.510010	-796.119995	492.040009	-71.589996	600.390015	166.529999	3.980000	1.390000
L4PC84.h5	358.920013	-1229.890015	534.489990	-137.070007	1572.109985	146.009995	3.990000	2.000000
L4PC87.h5	303.230011	-187.860001	510.109985	-137.960007	435.260010	146.179993	2.490000	0.830000
L4PC88.h5	90.250000	-1147.560059	361.929993	-143.660004	727.780029	191.000000	2.490000	1.990000
L4PC9.h5	332.690002	-1155.910034	385.559998	-119.839996	1312.359985	229.529999	3.600000	2.000000
L4PC90.h5	668.739990	-829.380005	447.649994	-185.000000	1008.280029	183.630005	3.990000	2.000000
L4PC94.h5	274.890015	-1209.599976	551.650024	-163.860001	459.609985	169.990005	2.000000	1.330000
L4PC95.h5	589.859985	-1217.180054	307.649994	-199.789993	1357.579956	208.080002	3.600000	1.200000
L4PC96.h5	487.350006	-1454.550049	515.010010	-146.089996	607.460022	144.889999	3.330000	1.330000
L4SPC1.h5	222.570007	-909.369995	344.670013	-173.419998	1016.909973	172.610001	2.670000	2.000000
L4SPC101.h5	422.190002	-502.320007	342.250000	-166.750000	1206.650024	173.509995	4.670000	2.000000
L4SPC104.h5	518.969971	-648.210022	261.309998	-123.550003	1279.579956	150.020004	4.670000	2.000000
L4SPC106.h5	467.709991	-396.529999	261.730011	-180.550003	1209.839966	169.880005	2.670000	1.330000
L4SPC107.h5	462.149994	-653.830017	446.640015	-132.070007	1263.969971	112.339996	3.330000	2.000000
L4SPC109.h5	249.630005	-689.109985	319.980011	-158.729996	928.030029	163.320007	4.670000	2.000000
L4SPC111.h5	702.830017	-1076.729980	309.049988	-117.070000	446.100006	127.959999	2.670000	2.000000
L4SPC112.h5	303.839996	-712.349976	345.299988	-145.229996	664.809998	192.630005	2.670000	2.000000
L4SPC114.h5	291.769989	-718.619995	265.209991	-150.559998	665.340027	154.070007	2.000000	2.000000
L4SPC115.h5	422.190002	-502.320007	286.290009	-146.990005	1206.650024	166.190002	4.670000	2.000000
L4SPC116.h5	255.539993	-588.700012	306.820007	-114.839996	1101.849976	146.720001	3.330000	2.000000
L4SPC117.h5	508.079987	-657.380005	322.290009	-160.509995	1262.520020	143.089996	2.670000	1.330000
L4SPC118.h5	255.539993	-588.700012	340.940002	-159.339996	1101.849976	165.690002	3.330000	2.000000
L4SPC119.h5	328.910004	-995.979980	380.279999	-121.169998	1090.260010	122.980003	3.330000	2.000000
L4SPC12.h5	418.670013	-714.590027	345.859985	-126.930000	594.359985	139.910004	3.330000	2.000000
L4SPC121.h5	291.769989	-718.619995	343.339996	-166.830002	665.340027	166.690002	2.000000	2.000000
L4SPC124.h5	305.859985	-649.390015	338.489990	-165.839996	1249.479980	162.619995	3.330000	2.000000
L4SPC126.h5	328.910004	-995.979980	337.250000	-138.500000	1090.260010	122.349998	3.330000	2.000000
L4SPC128.h5	204.649994	-871.679993	381.589996	-120.440002	974.710022	150.350006	2.670000	2.000000
L4SPC13.h5	697.020020	-1064.829956	330.480011	-139.160004	469.549988	138.690002	2.670000	2.000000
L4SPC133.h5	500.809998	-666.119995	288.709991	-128.190002	1278.329956	121.650002	2.000000	1.330000
L4SPC137.h5	305.859985	-649.390015	298.690002	-120.000000	1249.479980	157.690002	3.330000	2.000000
L4SPC139.h5	261.529999	-702.989990	303.540009	-108.830002	673.130005	137.279999	2.670000	2.000000
L4SPC140.h5	427.049988	-673.090027	355.000000	-152.360001	589.750000	179.979996	2.770000	2.000000
L4SPC141.h5	249.630005	-689.109985	347.230011	-94.139999	928.030029	112.930000	4.670000	2.000000
L4SPC142.h5	467.709991	-396.529999	303.839996	-115.290001	1209.839966	119.500000	2.670000	1.330000
L4SPC143.h5	462.149994	-653.830017	344.079987	-162.440002	1263.969971	160.979996	3.330000	2.000000
L4SPC144.h5	422.190002	-502.320007	339.500000	-144.389999	1206.650024	151.880005	4.670000	2.000000
L4SPC147.h5	220.820007	-910.900024	339.910004	-171.529999	1006.020020	171.360001	2.670000	2.000000
L4SPC148.h5	467.709991	-396.529999	326.920013	-167.100006	1209.839966	159.130005	2.670000	1.330000
L4SPC149.h5	295.899994	-936.909973	447.480011	-170.039993	1076.180054	170.350006	2.770000	2.000000
L4SPC15.h5	518.969971	-648.210022	342.480011	-181.619995	1279.579956	177.690002	4.670000	2.000000
L4SPC152.h5	418.670013	-714.590027	297.660004	-128.139999	594.359985	153.589996	3.330000	2.000000
L4SPC153.h5	222.720001	-933.400024	261.459991	-161.800003	1005.270020	172.669998	4.670000	2.000000
L4SPC155.h5	257.019989	-755.750000	264.059998	-115.930000	894.809998	121.720001	2.670000	1.330000
L4SPC157.h5	258.920013	-744.690002	342.260010	-121.680000	680.659973	129.229996	4.670000	2.000000
L4SPC158.h5	303.839996	-712.349976	260.529999	-137.759995	664.809998	149.259995	2.670000	2.000000
L4SPC159.h5	257.019989	-755.750000	301.679993	-175.440002	894.809998	169.190002	2.670000	1.330000
L4SPC160.h5	467.709991	-396.529999	340.500000	-127.449997	1209.839966	132.470001	2.670000	1.330000
L4SPC161.h5	467.709991	-396.529999	345.880005	-162.619995	1209.839966	170.139999	2.670000	1.330000
L4SPC162.h5	462.149994	-653.830017	456.489990	-153.429993	1263.969971	148.490005	3.330000	2.000000
L4SPC169.h5	305.859985	-649.390015	369.380005	-116.489998	1249.479980	121.599998	3.330000	2.000000
L4SPC173.h5	328.910004	-995.979980	341.239990	-161.649994	1090.260010	161.929993	3.330000	2.000000
L4SPC174.h5	738.159973	-1085.489990	381.010010	-119.629997	472.730011	129.179993	4.670000	2.000000
L4SPC176.h5	711.640015	-1042.140015	307.420013	-144.380005	389.399994	138.000000	3.330000	2.000000
L4SPC177.h5	259.869995	-705.380005	261.149994	-152.539993	952.109985	168.889999	2.670000	2.000000
L4SPC182.h5	351.910004	-523.789978	288.549988	-74.570000	1275.410034	130.550003	2.770000	1.110000
L4SPC186.h5	305.859985	-649.390015	340.570007	-131.089996	1249.479980	168.429993	3.330000	2.000000
L4SPC187.h5	204.649994	-871.679993	260.040009	-137.880005	974.710022	125.410004	2.670000	2.000000
L4SPC2.h5	261.529999	-702.989990	341.320007	-133.309998	673.130005	140.259995	2.670000	2.000000
L4SPC20.h5	204.649994	-871.679993	260.070007	-131.339996	974.710022	131.440002	2.670000	2.000000
L4SPC21.h5	261.529999	-702.989990	262.230011	-172.289993	673.130005	165.300003	2.670000	2.000000
L4SPC22.h5	305.859985	-649.390015	320.880005	-127.040001	1249.479980	125.900002	3.330000	2.000000
L4SPC24.h5	351.910004	-523.789978	341.399994	-68.720001	1275.410034	180.550003	2.770000	1.110000
L4SPC25.h5	490.049988	-672.289978	260.730011	-160.410004	1285.589966	179.679993	2.670000	2.000000
L4SPC26.h5	305.859985	-649.390015	262.399994	-164.559998	1249.479980	148.250000	3.330000	2.000000
L4SPC28.h5	255.539993	-588.700012	340.410004	-153.720001	1101.849976	158.320007	3.330000	2.000000
L4SPC29.h5	328.910004	-995.979980	261.350006	-129.479996	1090.260010	132.369995	3.330000	2.000000
L4SPC30.h5	738.159973	-1085.489990	322.130005	-156.419998	472.730011	169.160004	4.670000	2.000000
L4SPC31.h5	467.709991	-396.529999	263.339996	-154.679993	1209.839966	184.160004	2.670000	1.330000
L4SPC32.h5	222.720001	-933.400024	261.299988	-89.440002	1005.270020	130.750000	4.670000	2.000000
L4SPC33.h5	422.190002	-502.320007	261.230011	-132.509995	1206.650024	124.489998	4.670000	2.000000
L4SPC34.h5	220.820007	-910.900024	407.709991	-118.900002	1006.020020	112.900002	2.000000	2.000000
L4SPC35.h5	257.019989	-755.750000	262.329987	-152.399994	894.809998	145.750000	2.670000	1.330000
L4SPC36.h5	671.849976	-1036.119995	421.109985	-100.320000	395.350006	179.399994	2.770000	2.000000
L4SPC38.h5	462.149994	-653.830017	276.519989	-122.599998	1263.969971	140.119995	3.330000	2.000000
L4SPC4.h5	711.640015	-1042.140015	343.220001	-125.779999	389.399994	152.179993	3.330000	2.000000
L4SPC42.h5	220.820007	-910.900024	340.970001	-139.509995	1006.020020	118.919998	2.000000	2.000000
L4SPC44.h5	261.529999	-702.989990	350.070007	-127.279999	673.130005	130.119995	2.670000	2.000000
L4SPC47.h5	738.159973	-1085.489990	343.329987	-150.350006	472.730011	144.240005	4.670000	2.000000
L4SPC48.h5	257.019989	-755.750000	307.269989	-109.139999	894.809998	111.389999	2.670000	1.330000
L4SPC50.h5	258.920013	-744.690002	322.500000	-129.740005	680.659973	142.889999	4.670000	2.000000
L4SPC53.h5	738.159973	-1085.489990	349.119995	-149.800003	472.730011	148.000000	4.670000	2.000000
L4SPC6.h5	257.019989	-755.750000	343.200012	-157.789993	894.809998	155.940002	2.670000	1.330000
L4SPC60.h5	671.849976	-1036.119995	262.119995	-114.860001	395.350006	166.660004	2.770000	2.000000
L4SPC61.h5	222.720001	-933.400024	259.750000	-111.110001	1005.270020	119.949997	4.670000	2.000000
L4SPC63.h5	258.920013	-744.690002	260.799988	-116.400002	680.659973	120.019997	4.670000	2.000000
L4SPC65.h5	500.809998	-666.119995	265.690002	-130.029999	1278.329956	129.289993	2.000000	1.330000
L4SPC66.h5	467.709991	-396.529999	342.549988	-146.949997	1209.839966	182.070007	2.670000	1.330000
L4SPC68.h5	711.640015	-1042.140015	262.339996	-140.020004	389.399994	136.300003	3.330000	2.000000
L4SPC69.h5	255.539993	-588.700012	262.640015	-178.539993	1101.849976	186.380005	3.330000	2.000000
L4SPC7.h5	467.709991	-396.529999	307.920013	-136.770004	1209.839966	142.369995	2.670000	1.330000
L4SPC70.h5	328.910004	-995.979980	288.559998	-115.519997	1090.260010	171.789993	3.330000	2.000000
L4SPC73.h5	258.920013	-744.690002	324.179993	-121.730003	680.659973	133.179993	4.670000	2.000000
L4SPC75.h5	422.190002	-502.320007	409.579987	-137.660004	1206.650024	149.259995	4.670000	2.000000
L4SPC76.h5	470.570007	-677.780029	343.190002	-122.500000	1271.689941	142.669998	2.770000	1.330000
L4SPC77.h5	518.969971	-648.210022	260.579987	-110.669998	1279.579956	148.910004	4.670000	2.000000
L4SPC78.h5	418.670013	-714.590027	341.309998	-167.649994	594.359985	176.130005	3.330000	2.000000
L4SPC82.h5	422.190002	-502.320007	343.890015	-154.000000	1206.650024	161.410004	4.670000	2.000000
L4SPC84.h5	418.670013	-714.590027	260.299988	-91.250000	594.359985	109.040001	3.330000	2.000000
L4SPC85.h5	249.630005	-689.109985	261.399994	-122.040001	928.030029	129.259995	4.670000	2.000000
L4SPC87.h5	351.910004	-523.789978	328.529999	-82.610001	1275.410034	158.889999	2.770000	1.110000
L4SPC88.h5	249.630005	-689.109985	343.600006	-163.020004	928.030029	157.039993	4.670000	2.000000
L4SPC90.h5	702.830017	-1076.729980	261.540009	-104.550003	446.100006	159.350006	2.670000	2.000000
L4SPC91.h5	508.079987	-657.380005	263.820007	-131.380005	1262.520020	136.779999	2.670000	1.330000
L4SPC92.h5	490.049988	-672.289978	378.399994	-112.620003	1285.589966	168.419998	2.670000	2.000000
L4SPC93.h5	258.920013	-744.690002	341.070007	-138.449997	680.659973	136.610001	4.670000	2.000000
L4SPC96.h5	258.920013	-744.690002	339.700012	-137.199997	680.659973	156.509995	4.670000	2.000000
L4SPC97.h5	305.859985	-649.390015	345.489990	-174.119995	1249.479980	177.720001	3.330000	2.000000
L5CSPC100_1.h5	1253.979980	-705.500000	1262.569946	-221.300003	902.770020	246.080002	7.810000	3.600000
L5CSPC101_1.h5	1034.920044	-830.280029	1232.719971	-257.809998	665.429993	377.190002	7.140000	8.340000
L5CSPC102_2.h5	139.800003	-1203.810059	975.690002	-127.610001	632.640015	217.000000	5.400000	2.220000
L5CSPC104_1.h5	834.289978	-675.150024	1220.719971	-158.580002	872.429993	654.599976	8.400000	8.340000
L5CSPC105_2.h5	838.710022	-1109.310059	970.239990	-210.419998	985.469971	186.839996	5.400000	1.800000
L5CSPC106_1.h5	191.490005	-201.509995	1269.380005	-66.620003	720.049988	382.000000	7.740000	3.580000
L5CSPC108_1.h5	297.369995	-247.089996	916.630005	-248.600006	875.809998	274.230011	7.140000	2.710000
L5CSPC108_2.h5	139.800003	-1203.810059	972.969971	-188.509995	632.640015	173.210007	5.400000	2.220000
L5CSPC109_2.h5	716.729980	-873.820007	969.070007	-170.830002	1013.159973	202.669998	2.770000	2.220000
L5CSPC110_2.h5	1359.680054	-609.919983	971.479980	-207.270004	544.440002	204.210007	3.000000	3.600000
L5CSPC112_2.h5	1334.099976	-654.510010	972.380005	-116.849998	493.429993	190.580002	5.400000	3.600000
L5CSPC113_1.h5	798.049988	-715.989990	1084.150024	-111.199997	858.669983	493.809998	7.810000	8.340000
L5CSPC113_2.h5	900.119995	-1197.119995	971.570007	-187.330002	937.330017	203.399994	4.200000	1.800000
L5CSPC115_2.h5	190.770004	-904.250000	971.460022	-128.619995	621.440002	203.860001	4.200000	2.220000
L5CSPC116_1.h5	412.019989	-520.020020	1066.390015	-176.339996	772.130005	333.549988	8.400000	2.400000
L5CSPC116_2.h5	60.560001	-1254.160034	974.260010	-200.839996	612.690002	207.199997	2.770000	2.220000
L5CSPC117_1.h5	1117.979980	-657.239990	1130.859985	-274.339996	720.179993	282.980011	8.400000	8.340000
L5CSPC118_2.h5	900.119995	-1197.119995	966.960022	-194.520004	937.330017	172.710007	4.200000	1.800000
L5CSPC119_2.h5	838.710022	-1109.310059	972.119995	-162.380005	985.469971	224.350006	5.400000	1.800000
L5CSPC11_1.h5	440.809998	-430.829987	1243.160034	-189.889999	747.679993	390.799988	3.620000	1.810000
L5CSPC120_2.h5	1334.099976	-654.510010	970.539978	-215.820007	493.429993	214.149994	5.400000	3.600000
L5CSPC121_2.h5	190.770004	-904.250000	972.760010	-183.830002	621.440002	257.929993	4.200000	2.220000
L5CSPC122_1.h5	1253.979980	-705.500000	1258.520020	-224.809998	902.770020	335.329987	7.810000	3.600000
L5CSPC122_2.h5	716.729980	-873.820007	968.809998	-185.690002	1013.159973	228.529999	3.000000	2.220000
L5CSPC123_1.h5	978.250000	-1091.050049	1162.790039	-210.600006	816.390015	475.910004	7.810000	4.110000
L5CSPC124_2.h5	190.770004	-904.250000	971.559998	-168.059998	621.440002	199.369995	4.200000	2.220000
L5CSPC126_2.h5	60.560001	-1254.160034	969.909973	-154.149994	612.690002	280.920013	2.770000	2.220000
L5CSPC128_1.h5	202.490005	-256.779999	1094.489990	-203.440002	739.679993	393.170013	3.620000	1.800000
L5CSPC129_1.h5	1208.660034	-967.630005	1216.760010	-212.570007	768.859985	369.070007	7.140000	4.110000
L5CSPC129_2.h5	900.119995	-1197.119995	970.669983	-147.520004	937.330017	229.720001	4.200000	1.800000
L5CSPC130_2.h5	1359.680054	-609.919983	969.299988	-127.750000	544.440002	207.460007	3.000000	3.600000
L5CSPC131_1.h5	645.070007	-930.320007	1191.319946	-249.449997	855.500000	382.079987	4.820000	8.340000
L5CSPC135_1.h5	1044.329956	-814.669983	971.429993	-230.250000	1040.689941	272.489990	9.880000	3.600000
L5CSPC136_1.h5	484.839996	-372.890015	1259.849976	-213.399994	1316.550049	327.700012	3.620000	3.010000
L5CSPC137_1.h5	834.289978	-675.150024	1199.670044	-160.630005	872.429993	485.760010	8.400000	8.340000
L5CSPC138_2.h5	1268.069946	-549.369995	973.380005	-210.529999	683.789978	190.419998	4.200000	3.600000
L5CSPC13_2.h5	60.560001	-1254.160034	985.119995	-166.690002	612.690002	196.289993	2.770000	2.220000
L5CSPC140_2.h5	900.119995	-1197.119995	972.359985	-158.500000	937.330017	194.929993	4.200000	1.800000
L5CSPC144_2.h5	1359.680054	-609.919983	971.460022	-191.759995	544.440002	182.330002	2.770000	3.600000
L5CSPC145_1.h5	432.359985	-544.309998	1209.170044	-158.660004	747.359985	320.880005	7.810000	3.000000
L5CSPC145_2.h5	1268.069946	-549.369995	970.830017	-184.789993	683.789978	227.949997	4.200000	3.600000
L5CSPC147_2.h5	900.119995	-1197.119995	972.440002	-231.889999	937.330017	225.279999	4.200000	1.800000
L5CSPC148_2.h5	900.119995	-1197.119995	973.669983	-169.050003	937.330017	229.059998	4.200000	1.800000
L5CSPC149_2.h5	716.729980	-873.820007	970.750000	-200.419998	1013.159973	197.380005	3.000000	2.220000
L5CSPC14_1.h5	412.019989	-520.020020	1262.760010	-167.339996	772.130005	275.049988	8.400000	2.400000
L5CSPC151_2.h5	190.770004	-904.250000	972.510010	-204.300003	621.440002	221.919998	4.200000	2.220000
L5CSPC152_1.h5	637.200012	-635.989990	1077.709961	-146.759995	1746.900024	258.750000	8.400000	4.820000
L5CSPC152_2.h5	60.560001	-1254.160034	971.250000	-197.589996	612.690002	221.940002	2.770000	2.220000
L5CSPC153_2.h5	190.770004	-904.250000	971.010010	-205.139999	621.440002	211.539993	4.200000	2.220000
L5CSPC157_2.h5	838.710022	-1109.310059	970.270020	-200.380005	985.469971	221.070007	5.400000	1.800000
L5CSPC15_2.h5	716.729980	-873.820007	970.460022	-154.100006	1013.159973	212.539993	2.770000	2.220000
L5CSPC161_1.h5	590.320007	-583.320007	1267.439941	-235.899994	1746.619995	369.369995	3.620000	4.820000
L5CSPC163_1.h5	637.200012	-635.989990	980.099976	-254.149994	1746.900024	275.250000	8.400000	4.820000
L5CSPC163_2.h5	716.729980	-873.820007	972.830017	-222.070007	1013.159973	219.729996	2.770000	2.220000
L5CSPC166_2.h5	900.119995	-1197.119995	972.510010	-187.710007	937.330017	198.350006	4.200000	1.800000
L5CSPC167_2.h5	190.770004	-904.250000	970.900024	-208.449997	621.440002	214.339996	4.200000	2.220000
L5CSPC168_1.h5	785.969971	-818.599976	1078.729980	-229.139999	1429.040039	221.520004	7.140000	8.340000
L5CSPC168_2.h5	838.710022	-1109.310059	971.119995	-229.660004	985.469971	215.779999	5.400000	1.800000
L5CSPC169_2.h5	838.710022	-1109.310059	972.739990	-138.240005	985.469971	195.979996	5.400000	1.800000
L5CSPC16_2.h5	900.119995	-1197.119995	975.330017	-186.320007	937.330017	222.639999	4.200000	1.800000
L5CSPC171_2.h5	838.710022	-1109.310059	973.380005	-179.259995	985.469971	215.710007	5.400000	1.800000
L5CSPC172_2.h5	60.560001	-1254.160034	982.659973	-205.669998	612.690002	217.789993	2.770000	2.220000
L5CSPC174_1.h5	637.200012	-635.989990	1210.819946	-206.119995	1746.900024	335.940002	8.400000	4.820000
L5CSPC174_2.h5	838.710022	-1109.310059	971.380005	-184.080002	985.469971	168.190002	5.400000	1.800000
L5CSPC176_1.h5	374.170013	-495.059998	1084.050049	-264.809998	800.440002	246.940002	7.740000	3.580000
L5CSPC176_2.h5	1359.680054	-609.919983	971.320007	-169.809998	544.440002	187.119995	2.770000	3.600000
L5CSPC178_1.h5	374.170013	-495.059998	1113.900024	-234.259995	800.440002	494.179993	7.740000	3.580000
L5CSPC178_2.h5	716.729980	-873.820007	969.989990	-229.559998	1013.159973	222.360001	2.770000	2.220000
L5CSPC180_2.h5	190.770004	-904.250000	975.840027	-190.110001	621.440002	214.550003	4.200000	2.220000
L5CSPC181_2.h5	716.729980	-873.820007	973.260010	-151.339996	1013.159973	292.309998	3.000000	2.220000
L5CSPC182_2.h5	60.560001	-1254.160034	979.619995	-157.259995	612.690002	259.730011	2.770000	2.220000
L5CSPC183_1.h5	440.809998	-430.829987	1093.979980	-183.889999	747.679993	248.279999	3.620000	1.810000
L5CSPC184_1.h5	1267.660034	-642.710022	1018.169983	-206.539993	956.830017	272.540009	8.400000	3.600000
L5CSPC185_1.h5	464.470001	-440.739990	1260.969971	-212.179993	1279.329956	512.090027	7.810000	3.010000
L5CSPC185_2.h5	1359.680054	-609.919983	970.859985	-161.580002	544.440002	184.229996	3.000000	3.600000
L5CSPC187_2.h5	716.729980	-873.820007	971.530029	-194.589996	1013.159973	200.580002	2.770000	2.220000
L5CSPC189_1.h5	412.019989	-520.020020	1242.060059	-221.220001	772.130005	467.720001	8.400000	2.400000
L5CSPC191_2.h5	1359.680054	-609.919983	973.859985	-163.399994	544.440002	209.389999	2.770000	3.600000
L5CSPC192_2.h5	60.560001	-1254.160034	981.179993	-203.539993	612.690002	222.860001	3.000000	2.220000
L5CSPC193_1.h5	1042.369995	-548.789978	1269.439941	-156.070007	718.849976	256.309998	3.620000	8.340000
L5CSPC196_1.h5	1074.760010	-651.250000	1110.260010	-131.419998	728.320007	289.890015	7.740000	8.340000
L5CSPC196_2.h5	190.770004	-904.250000	971.840027	-162.070007	621.440002	228.789993	4.200000	2.220000
L5CSPC198_2.h5	60.560001	-1254.160034	972.010010	-178.729996	612.690002	175.929993	2.770000	2.220000
L5CSPC199_1.h5	897.369995	-1052.459961	1261.050049	-276.470001	970.559998	343.329987	7.740000	4.110000
L5CSPC200_1.h5	854.710022	-651.380005	1001.130005	-202.500000	886.150024	278.390015	7.740000	8.340000
L5CSPC200_2.h5	1268.069946	-549.369995	974.080017	-219.139999	683.789978	227.669998	4.200000	3.600000
L5CSPC20_2.h5	900.119995	-1197.119995	973.570007	-143.429993	937.330017	201.289993	4.200000	1.800000
L5CSPC22_1.h5	1034.920044	-830.280029	1162.329956	-250.929993	665.429993	417.609985	7.140000	8.340000
L5CSPC23_1.h5	1253.979980	-705.500000	1076.910034	-129.039993	902.770020	493.750000	7.810000	3.600000
L5CSPC24_1.h5	140.850006	-231.970001	1227.630005	-229.380005	734.150024	280.239990	8.400000	2.400000
L5CSPC26_2.h5	190.770004	-904.250000	972.099976	-155.669998	621.440002	227.679993	4.200000	2.220000
L5CSPC29_2.h5	1334.099976	-654.510010	984.179993	-219.789993	493.429993	225.460007	5.400000	3.600000
L5CSPC32_2.h5	900.119995	-1197.119995	967.049988	-233.240005	937.330017	223.270004	4.200000	1.800000
L5CSPC34_1.h5	297.369995	-247.089996	1095.839966	-193.600006	875.809998	279.619995	7.140000	2.710000
L5CSPC37_1.h5	558.809998	-649.820007	1253.969971	-186.830002	1687.500000	411.519989	9.880000	4.820000
L5CSPC38_1.h5	1143.040039	-728.770020	1271.229980	-186.490005	731.700012	487.309998	3.620000	8.340000
L5CSPC3_1.h5	798.049988	-715.989990	1154.630005	-226.259995	858.669983	294.609985	7.810000	8.340000
L5CSPC3_2.h5	900.119995	-1197.119995	971.049988	-189.419998	937.330017	207.139999	4.200000	1.800000
L5CSPC41_1.h5	946.659973	-1076.560059	1259.739990	-240.089996	886.609985	531.690002	8.400000	4.110000
L5CSPC44_1.h5	785.969971	-818.599976	1073.680054	-173.729996	1429.040039	261.890015	7.140000	8.340000
L5CSPC46_1.h5	202.490005	-256.779999	1269.900024	-273.869995	739.679993	248.220001	3.620000	1.800000
L5CSPC48_1.h5	897.369995	-1052.459961	1263.660034	-281.320007	970.559998	555.530029	7.740000	4.110000
L5CSPC50_1.h5	897.369995	-1052.459961	1241.119995	-145.710007	970.559998	319.799988	7.740000	4.110000
L5CSPC51_2.h5	1359.680054	-609.919983	1031.030029	-226.699997	544.440002	230.910004	2.770000	3.600000
L5CSPC52_2.h5	716.729980	-873.820007	971.219971	-200.130005	1013.159973	174.570007	3.000000	2.220000
L5CSPC56_2.h5	716.729980	-873.820007	971.200012	-163.229996	1013.159973	208.669998	3.000000	2.220000
L5CSPC5_2.h5	716.729980	-873.820007	971.929993	-121.070000	1013.159973	229.649994	2.770000	2.220000
L5CSPC60_2.h5	190.770004	-904.250000	971.140015	-178.869995	621.440002	222.419998	4.200000	2.220000
L5CSPC63_1.h5	464.470001	-440.739990	1181.390015	-262.160004	1279.329956	407.559998	7.810000	3.010000
L5CSPC65_1.h5	1208.660034	-967.630005	1277.079956	-267.500000	768.859985	467.369995	7.140000	4.110000
L5CSPC69_1.h5	798.049988	-715.989990	1265.060059	-249.220001	858.669983	327.950012	7.810000	8.340000
L5CSPC70_2.h5	60.560001	-1254.160034	970.179993	-144.369995	612.690002	222.279999	2.770000	2.220000
L5CSPC71_1.h5	1134.920044	-664.619995	1067.939941	-188.779999	715.109985	282.940002	7.810000	8.340000
L5CSPC72_2.h5	1359.680054	-609.919983	969.450012	-224.839996	544.440002	238.559998	3.000000	3.600000
L5CSPC76_1.h5	386.410004	-600.830017	1100.750000	-259.369995	734.729980	354.359985	3.620000	1.810000
L5CSPC77_1.h5	834.289978	-675.150024	1215.619995	-250.350006	872.429993	679.419983	8.400000	8.340000
L5CSPC78_1.h5	997.309998	-958.320007	1262.089966	-172.740005	1589.810059	260.500000	8.400000	8.340000
L5CSPC7_1.h5	1117.979980	-657.239990	1221.189941	-226.410004	720.179993	251.029999	8.400000	8.340000
L5CSPC81_1.h5	140.850006	-231.970001	1184.150024	-283.399994	734.150024	472.059998	8.400000	2.400000
L5CSPC81_2.h5	1359.680054	-609.919983	970.409973	-124.029999	544.440002	219.839996	2.770000	3.600000
L5CSPC82_1.h5	125.839996	-263.279999	1067.810059	-213.699997	744.549988	422.420013	7.810000	3.000000
L5CSPC82_2.h5	716.729980	-873.820007	971.539978	-154.630005	1013.159973	231.080002	2.770000	2.220000
L5CSPC86_2.h5	1359.680054	-609.919983	973.979980	-139.839996	544.440002	184.160004	2.770000	3.600000
L5CSPC89_1.h5	798.049988	-715.989990	1257.660034	-227.440002	858.669983	476.140015	7.810000	8.340000
L5CSPC91_1.h5	479.820007	-375.500000	1187.380005	-245.500000	1300.420044	365.989990	7.140000	3.010000
L5CSPC95_1.h5	484.839996	-372.890015	1037.270020	-192.309998	1316.550049	391.670013	3.620000	3.010000
L5CSPC97_1.h5	834.289978	-675.150024	1255.660034	-220.220001	872.429993	510.489990	8.400000	8.340000
R-060407_TKB060123a2_Ch7_l6ct_x_DB_60x_2.h5	924.760010	-436.089996	950.229980	-102.570000	934.700012	485.239990	2.320000	0.860000
R-060508_TKB060329a2_Ch1_l6cc_o_DB_60x_2.h5	1284.010010	-226.440002	145.520004	-453.630005	831.919983	304.029999	1.590000	1.220000
R-060601_TKB060224a3_Ch1_l6ct_o_DB_60x_2.h5	603.789978	-504.989990	788.780029	-229.279999	771.690002	238.470001	2.080000	0.860000
R-060630_TKB060508c1_Ch3_l6mc_n_tkb_100x_2.h5	548.000000	-137.679993	137.509995	-321.950012	235.460007	240.910004	2.140000	1.330000
R-060711_TKB060510b2_Ch7_l6ct_n_DB_60x_2.h5	223.550003	-141.779999	904.479980	-117.800003	269.250000	263.279999	2.090000	0.610000
R-060712_TKB060510b1_Ch1_l6ct_n_DB_60x_1.h5	230.229996	-469.320007	803.289978	-216.860001	1356.260010	381.750000	2.090000	0.860000
R-060716_TKB060510b2_Ch5_l6ct_n_DB_100x_1.h5	528.070007	-809.960022	976.340027	-108.290001	557.960022	351.170013	2.650000	1.400000
R-060727_TKB050417a4_Ch2_l6cc_n_nn_60x_2.h5	149.520004	-294.850006	104.050003	-281.130005	612.580017	196.699997	2.700000	1.720000
R-060727_TKB060112a1_Ch2_l6ct_o_DB_60x_2.h5	1034.469971	-343.049988	996.070007	-102.129997	866.570007	208.500000	1.960000	1.720000
R-060727_TKB060119b1_Ch0_l6cc_n_DB_60x_2.h5	109.800003	-629.979980	120.370003	-703.440002	1229.770020	353.959991	3.690000	1.110000
R-060926_TKB060523a3_Ch1_l6ct_n_nb_60x.1.h5	770.309998	-411.790009	932.429993	-56.560001	1039.160034	270.859985	2.090000	0.980000
R-060929_tkb060223b3_ch1_l6ct_o_PS_60x_1.h5	663.479980	-855.469971	752.239990	-136.910004	695.530029	177.470001	2.570000	1.350000
R-061003_tkb060511a1_ch3_l6cc_n_PS_100x_1.h5	568.119995	-470.029999	159.649994	-551.840027	489.130005	368.500000	3.460000	1.620000
R-061005_OG060805a1_ch5_l6mc_n_nb_100x_1.h5	1247.680054	-223.110001	279.089996	-416.329987	750.609985	358.910004	3.170000	2.870000
R-061010_OG060602a2_ch7_l6mc_n_nb_100x_1.h5	991.700012	-110.699997	124.709999	-318.390015	420.640015	167.270004	1.470000	1.920000
R-BJM141005C2_A_cor.h5	-7.470000	-287.649994	276.309998	-595.599976	146.470001	682.270020	3.400000	5.220000
R-BJM141005C2_B_cor.h5	103.120003	-188.080002	170.559998	-177.190002	201.660004	146.110001	4.990000	6.350000
R-C010398B-I4.h5	541.080017	-854.859985	180.440002	-277.040009	833.900024	178.960007	2.670000	1.330000
R-C010398B-P2.h5	850.960022	-339.549988	452.049988	-92.459999	1060.780029	118.019997	2.000000	1.330000
R-C010398B-P3_repaired.h5	503.779999	-663.150024	448.250000	-163.759995	1278.520020	177.389999	2.670000	1.330000
R-C010600A2.h5	74.940002	-328.519989	71.080002	-285.429993	326.190002	257.029999	4.160000	0.830000
R-C010600B1.h5	500.100006	-416.059998	289.769989	-434.809998	345.149994	228.130005	4.430000	1.110000
R-C011098A-P4_repaired.h5	238.380005	-1000.929993	320.059998	-90.830002	726.359985	179.809998	2.220000	1.110000
R-C030397A-P3_repaired.h5	1027.630005	-1013.960022	996.530029	-31.790001	1569.479980	293.929993	4.220000	8.340000
R-C030796A-P2_repaired.h5	858.080017	-648.010010	1158.010010	-228.770004	885.320007	302.940002	7.740000	8.340000
R-C030796A-P3_repaired.h5	1129.900024	-677.200012	1264.290039	-296.589996	749.890015	310.959991	9.880000	8.340000
R-C031097B-P3_repaired.h5	354.619995	-521.080017	344.149994	-47.669998	1275.989990	162.119995	2.770000	1.110000
R-C040600B1.h5	330.320007	-285.440002	233.979996	-245.270004	422.239990	230.070007	3.050000	1.110000
R-C040600B3.h5	275.399994	-448.220001	130.970001	-222.210007	325.619995	161.869995	2.490000	0.830000
R-C040896A-P3_repaired.h5	640.119995	-633.070007	897.530029	-205.229996	1747.420044	422.540009	8.400000	4.820000
R-C050398B-I4.h5	255.080002	-768.690002	75.040001	-333.000000	732.429993	237.300003	3.610000	1.110000
R-C050398B-P2_repaired.h5	142.119995	-1368.540039	374.890015	-329.660004	807.669983	227.690002	4.720000	1.390000
R-C050600B2.h5	658.989990	-1775.939941	263.459991	-477.769989	1452.209961	425.040009	2.770000	0.670000
R-C050800E2_cor.h5	529.989990	-884.549988	196.509995	-217.679993	539.719971	257.950012	3.320000	2.490000
R-C050896A-P1_repaired.h5	206.279999	-252.990005	990.979980	-152.750000	739.059998	303.450012	3.000000	1.800000
R-C050896A-P2_repaired.h5	391.190002	-596.049988	1012.049988	-212.080002	734.250000	334.540009	3.610000	1.810000
R-C050896A-P3_repaired.h5	396.510010	-503.779999	1025.349976	-207.009995	1299.800049	266.739990	4.820000	3.010000
R-C060400C1.h5	794.530029	-517.710022	261.589996	-327.850006	1814.670044	177.360001	3.880000	1.380000
R-C060998B-P4_repaired.h5	309.730011	-181.360001	487.929993	-107.379997	434.619995	233.229996	2.490000	0.830000
R-C080400A3.h5	75.790001	-434.880005	196.300003	-237.279999	347.920013	200.119995	2.770000	0.830000
R-C080400C2.h5	424.750000	-907.390015	225.850006	-266.109985	560.000000	241.690002	2.490000	0.550000
R-C100501A3.h5	906.159973	-490.440002	234.619995	-362.510010	829.599976	309.140015	5.260000	0.830000
R-C110300A1.h5	161.119995	-415.160004	324.329987	-328.600006	429.839996	192.669998	2.490000	0.550000
R-C120398A-P1.h5	238.899994	-624.390015	218.850006	-165.149994	561.630005	240.960007	3.990000	2.490000
R-C120398A-P2.h5	598.070007	-831.679993	181.229996	-123.900002	799.520020	228.820007	2.660000	2.490000
R-C120398A-P3.h5	644.609985	-995.710022	264.380005	-178.029999	812.780029	210.050003	3.330000	2.490000
R-C120501A1.h5	171.889999	-1029.829956	323.279999	-285.339996	324.329987	325.899994	3.600000	0.550000
R-C121097A-I1.h5	472.390015	-1098.500000	240.210007	-514.080017	1017.619995	260.230011	3.600000	1.110000
R-C140300B-I3.h5	189.259995	-510.700012	155.889999	-136.690002	244.580002	118.809998	3.320000	0.830000
R-C140300B-P1_repaired.h5	-8.250000	-594.849976	318.230011	-126.519997	473.670013	157.880005	3.600000	0.830000
R-C140600C-I1.h5	363.269989	-947.780029	508.279999	-283.000000	428.049988	178.330002	3.600000	0.550000
R-C140600C-P3.h5	650.479980	-1098.839966	584.830017	-257.450012	1039.930054	207.110001	2.490000	1.110000
R-C140600C-P3_repaired.h5	1287.050049	-1199.359985	563.250000	-210.220001	1067.670044	206.779999	2.490000	1.110000
R-C140898A-I1.h5	280.630005	-395.690002	171.399994	-327.540009	684.469971	348.510010	2.770000	0.830000
R-C150600B-P2_repaired.h5	-10.860000	-58.709999	280.269989	-153.539993	25.650000	129.309998	3.320000	0.830000
R-C150897B-I1.h5	514.250000	-303.470001	149.500000	-211.369995	821.440002	230.179993	2.670000	2.000000
R-C150897B-P2_repaired.h5	692.520020	-769.969971	420.540009	-130.789993	1151.260010	144.229996	2.000000	2.000000
R-C170500A-I4.h5	118.709999	-241.210007	90.190002	-117.500000	326.230011	107.459999	1.110000	1.380000
R-C170797A-I4.h5	711.590027	-601.210022	433.190002	-215.440002	841.809998	410.640015	4.200000	1.200000
R-C170797A-P1.h5	501.160004	-323.130005	213.399994	-91.739998	697.690002	105.070000	2.400000	1.200000
R-C170797A-P2_repaired.h5	362.220001	-407.950012	369.359985	-116.970001	955.919983	144.800003	3.000000	1.800000
R-C170897A-P2.h5	101.639999	-1025.569946	387.540009	-120.750000	449.609985	167.600006	2.670000	0.670000
R-C170897A-P3-repaired.h5	498.959991	-1441.979980	404.160004	-185.699997	900.200012	188.070007	2.000000	1.330000
R-C170998D-I4.h5	324.079987	-160.309998	156.059998	-104.550003	208.350006	143.020004	4.160000	1.390000
R-C180298A-P2_repaired.h5	559.190002	-953.809998	402.260010	-173.690002	1701.089966	223.919998	2.670000	1.330000
R-C180298B-I3.h5	786.940002	-438.859985	209.559998	-296.329987	577.380005	191.279999	3.600000	0.830000
R-C180997A-P3_repaired.h5	263.549988	-740.059998	273.910004	-129.039993	681.109985	221.699997	4.670000	2.000000
R-C181200A2.h5	186.070007	-1387.630005	337.470001	-190.070007	225.070007	260.559998	3.050000	0.550000
R-C190199A-P3.h5	44.650002	-1350.959961	295.959991	-145.029999	987.979980	165.110001	2.500000	1.110000
R-C190898A-I1.h5	257.470001	-382.290009	149.580002	-167.270004	493.970001	161.500000	2.770000	0.830000
R-C190898A-P2_repaired.h5	451.540009	-1153.780029	374.040009	-89.620003	661.669983	236.869995	1.940000	1.110000
R-C190898A-P3_repaired.h5	217.350006	-567.510010	351.369995	-151.070007	860.150024	214.800003	3.050000	1.110000
R-C190997A-I1.h5	604.760010	-128.339996	252.949997	-122.540001	1754.109985	213.630005	5.330000	1.340000
R-C190997A-P4.h5	-6.990000	-61.020000	569.330017	-131.600006	21.930000	186.259995	4.000000	2.000000
R-C200199B-I3.h5	408.029999	-1120.660034	198.149994	-222.630005	434.450012	182.899994	3.330000	1.110000
R-C200897C-I1.h5	350.529999	-519.500000	229.149994	-177.229996	370.109985	247.330002	2.000000	1.340000
R-C200897C-P2_repaired.h5	351.809998	-1232.859985	474.559998	-179.729996	1592.589966	275.750000	3.980000	2.000000
R-C200897C-P3.h5	158.649994	-1479.449951	446.640015	-61.509998	962.859985	74.870003	2.660000	1.330000
R-C200897C-P4_repaired.h5	488.209991	-1442.729980	475.260010	-180.949997	615.830017	214.740005	2.000000	1.330000
R-C210797A-I.h5	359.239990	-850.630005	334.649994	-579.369995	495.529999	297.579987	2.660000	1.330000
R-C210797A-P1.h5	152.300003	-940.700012	315.920013	-118.760002	433.559998	301.980011	2.660000	1.330000
R-C220197A-P3.h5	608.820007	-419.440002	850.950012	-228.639999	804.640015	266.489990	7.810000	3.600000
R-C220197A-P3_repaired.h5	1261.430054	-698.049988	851.030029	-234.080002	903.679993	301.989990	7.810000	3.600000
R-C220498B-P3_cor_repaired.h5	667.390015	-830.549988	563.440002	-256.390015	505.299988	331.059998	2.220000	1.390000
R-C220797A-P3_repaired.h5	333.010010	-1523.069946	377.769989	-150.990005	387.320007	164.860001	2.400000	1.200000
R-C220797A-P4_repaired.h5	701.340027	-1512.810059	114.639999	-115.239998	977.630005	167.630005	3.000000	1.800000
R-C230298D-P1_repaired.h5	36.380001	-176.960007	197.889999	-136.289993	76.360001	118.269997	2.000000	1.330000
R-C230300D1.h5	512.780029	-591.590027	326.790009	-181.820007	717.830017	202.320007	2.490000	1.110000
R-C230797B-P1_repaired.h5	-5.720000	-343.510010	268.410004	-74.959999	154.210007	217.960007	4.200000	1.200000
R-C230797B-P4_repaired.h5	538.900024	-342.510010	323.859985	-120.720001	842.880005	223.960007	3.000000	1.200000
R-C230998A-I3.h5	-35.599998	-859.530029	115.779999	-148.220001	585.700012	99.220001	1.660000	0.550000
R-C230998A-P2.h5	-9.430000	-741.409973	94.800003	-139.460007	55.599998	130.580002	2.490000	1.110000
R-C230998C-I4.h5	519.320007	-481.399994	190.369995	-246.020004	486.750000	322.059998	3.050000	1.110000
R-C231296A-P3.h5	1430.890015	-638.219971	966.080017	-234.460007	845.940002	287.260010	5.400000	3.600000
R-C231296A-P3_repaired.h5	1349.250000	-639.359985	981.270020	-234.830002	494.959991	281.940002	5.400000	3.600000
R-C231296A-P4A2_repaired.h5	903.460022	-1193.780029	681.849976	-207.100006	937.609985	185.460007	4.200000	1.800000
R-C231296A-P4B2_repaired.h5	595.799988	-1211.239990	644.349976	-147.949997	1356.579956	149.820007	3.600000	1.200000
R-C240199B-P1_repaired.h5	828.599976	-1089.859985	427.339996	-145.600006	1133.959961	206.690002	2.220000	1.110000
R-C240199B-P2_repaired.h5	465.760010	-554.840027	395.640015	-103.879997	890.570007	186.339996	2.780000	1.110000
R-C240300C1.h5	829.679993	-529.150024	138.350006	-303.799988	348.929993	246.619995	1.660000	0.550000
R-C240797B-I2.h5	261.000000	-23.420000	128.250000	-361.369995	311.350006	171.389999	1.990000	0.660000
R-C240797B-P1_repaired.h5	241.190002	-738.789978	433.000000	-180.350006	1812.550049	202.559998	3.990000	1.990000
R-C240797B-P3_repaired.h5	-8.390000	-849.020020	374.890015	-158.429993	604.150024	185.229996	3.320000	1.990000
R-C240998A-I3.h5	321.980011	-401.049988	166.320007	-104.489998	346.540009	156.610001	1.940000	1.110000
R-C240998A-P4.h5	-3.360000	-117.930000	460.320007	-197.169998	29.230000	208.110001	2.490000	1.110000
R-C250298A-I4.h5	409.880005	-336.339996	198.880005	-254.610001	913.969971	353.950012	4.000000	0.670000
R-C250500A-I4.h5	151.119995	-834.599976	214.350006	-223.110001	266.109985	136.179993	2.770000	1.110000
R-C250500A-P2.h5	88.480003	-1699.040039	225.750000	-191.039993	650.070007	291.959991	3.050000	2.770000
R-C250500A-P3_repaired.h5	231.070007	-962.299988	352.459991	-150.320007	557.599976	375.230011	4.160000	2.770000
R-C251197A-P4_repaired.h5	363.910004	-500.290009	438.059998	-169.500000	886.260010	182.570007	2.000000	1.340000
R-C260199A-P2_repaired.h5	166.399994	-909.210022	724.669983	-75.430000	410.010010	159.080002	3.610000	1.110000
R-C260897C-P2_repaire.h5	188.759995	-1056.560059	395.410004	-228.770004	777.729980	236.080002	2.660000	1.330000
R-C260897C-P3_repaired.h5	707.099976	-1285.250000	427.200012	-175.960007	1632.869995	217.279999	2.660000	1.330000
R-C260897C-P4_repaired.h5	332.500000	-1145.000000	462.799988	-124.150002	1440.400024	182.110001	3.320000	0.660000
R-C261296A-P2_repaired.h5	413.179993	-1361.119995	1158.229980	-212.009995	1323.819946	292.380005	9.640000	7.230000
R-C270999B-P3_repaired.h5	61.470001	-1253.250000	713.859985	-264.049988	613.059998	287.109985	2.770000	2.220000
R-C271097A-I4.h5	446.000000	-984.080017	168.339996	-474.350006	519.330017	194.289993	4.000000	1.330000
R-C271097A-P1_repaired.h5	333.290009	-991.599976	316.130005	-139.309998	1089.020020	194.029999	3.330000	2.000000
R-C271097A-P2_repaired.h5	259.660004	-753.109985	260.829987	-197.770004	895.159973	218.589996	2.670000	1.330000
R-C271097A-P3_repaired.h5	706.619995	-1072.939941	269.029999	-156.149994	446.260010	191.869995	2.670000	2.000000
R-C280199C-P1_repaired.h5	448.890015	-1242.930054	396.920013	-180.779999	901.280029	219.300003	2.780000	1.110000
R-C280199C-P2_repaired.h5	595.989990	-1484.390015	338.510010	-148.449997	1086.339966	206.399994	2.220000	1.390000
R-C280199C-P3_repaired.h5	-8.290000	-1553.050049	283.799988	-102.290001	329.850006	132.190002	1.940000	0.830000
R-C280998A-P3_repaired.h5	-6.960000	-864.270020	164.770004	-126.040001	556.340027	325.720001	4.440000	1.670000
R-C281197A-I4.h5	399.450012	-304.109985	177.860001	-207.220001	791.989990	200.669998	2.670000	1.330000
R-C281199A-IN.h5	118.830002	-766.450012	115.760002	-189.210007	410.029999	173.039993	3.050000	1.110000
R-C290500B-I3.h5	553.340027	-403.399994	369.609985	-361.549988	1219.099976	347.100006	4.710000	0.550000
R-C300797C-P2.h5	153.550003	-1696.089966	388.350006	-58.450001	607.500000	117.080002	3.320000	1.330000
R-C300797C-P4.h5	120.639999	-1250.589966	583.979980	-245.949997	636.109985	240.850006	3.990000	1.990000
R-C300898C-P2_repaired.h5	130.149994	-682.219971	296.510010	-184.660004	457.779999	203.850006	3.600000	1.110000
R-C300997A-P3_repaired.h5	1382.300049	-699.440002	456.579987	-136.470001	720.969971	157.949997	2.670000	1.330000
R-C310897A-I2.h5	318.959991	-750.719971	268.410004	-263.190002	339.040009	300.109985	3.330000	2.000000
R-C310897A-P4_repaired.h5	683.840027	-655.219971	556.320007	-152.389999	1424.569946	307.179993	2.670000	1.330000
R-C310897B-P3.h5	357.160004	-1305.839966	444.489990	-214.679993	736.820007	228.660004	3.330000	1.330000
R-C310897B-P4_repaired.h5	-6.980000	-1335.910034	459.660004	-167.050003	417.769989	211.130005	4.670000	1.330000
R-CA100123-P0_fixNL.h5	39.450001	-229.289993	889.330017	-131.570007	514.359985	229.250000	6.280000	2.270000
R-CC100123-P1_repaired.h5	1209.219971	-967.070007	951.570007	-291.220001	768.859985	625.950012	7.140000	4.110000
R-L5CHPC.h5	197.759995	-736.390015	634.799988	-154.130005	576.770020	186.509995	1.690000	1.690000
R-L6CTPC_cor.h5	1034.729980	-203.889999	1000.679993	-132.660004	683.869995	195.589996	1.960000	1.720000
